1234567890987654321	0.05555555555555555
1111111111111111111	0.05555555555555555
1096389839747737688	0.027777777777777776
1990016644333381111	0.027777777777777776
9704366804593076020	0.027777777777777776
9999999999999999999	0.027777777777777776
1111111111111111122	0.027777777777777776
0102030405060708099	0.027777777777777776
5629219150102030405	0.027777777777777776
1999200001252202292	0.027777777777777776
8210220010912624392	0.027777777777777776
6969696969696969696	0.027777777777777776
0000000000000000000	0.027777777777777776
0123456789876543210	0.027777777777777776
0123456789987654321	0.027777777777777776
0169357915020071971	0.027777777777777776
0900974345880008543	0.027777777777777776
0919422955555566666	0.027777777777777776
0987654321123456789	0.027777777777777776
1106935417163869790	0.027777777777777776
1122334455667788990	0.027777777777777776
1125344800902728787	0.027777777777777776
1233456667777000000	0.027777777777777776
1234567890123456789	0.027777777777777776
1234567890986586628	0.027777777777777776
1234568890987654321	0.027777777777777776
1234577990987654321	0.027777777777777776
3141590201643599898	0.027777777777777776
3456790053179588369	0.027777777777777776
3673738388299191003	0.027777777777777776
7777772011108484777	0.027777777777777776
8888888888888888888	0.027777777777777776
1988112233445566682	0.027777777777777776
1234567899999999999	0.027777777777777776
