123	0.3867817156771922
789	0.01932188136894206
999	0.014848733490378761
321	0.011672533813292396
456	0.01098435721659035
111	0.01024324395860353
888	0.00944919403933194
113	0.008761017442629894
168	0.00783462587014637
100	0.005717159418755459
234	0.0047113628543447765
246	0.0047113628543447765
777	0.0046054895317752306
102	0.004552552870490458
124	0.004473147878563299
678	0.0037585029512188666
101	0.003652629628649321
666	0.003493819644795003
122	0.00344088298351023
112	0.0034144146528678437
555	0.0033614779915830707
108	0.0033614779915830707
090	0.003282072999655912
333	0.003282072999655912
114	0.003255604669013525
135	0.003229136338371139
001	0.0032026680077287526
007	0.0031761996770863664
179	0.0031497313464439796
115	0.0031497313464439796
222	0.003043858023874434
121	0.0029909213625896615
345	0.0029115163706625023
125	0.0029115163706625023
119	0.0027791747174505704
109	0.002752706386808184
103	0.002673301394881025
000	0.002620364733596252
098	0.0025144914110267064
126	0.0025144914110267064
116	0.0024350864190995475
132	0.002408618088457161
106	0.002408618088457161
199	0.0023556814271723883
192	0.0023027447658876153
105	0.002276276435245229
139	0.002276276435245229
107	0.0022498081046028427
567	0.0021704031126756835
357	0.002117466451390911
134	0.002117466451390911
110	0.002117466451390911
131	0.002090998120748524
159	0.002064529790106138
133	0.0020380614594637516
212	0.0020380614594637516
091	0.0020380614594637516
198	0.0020115931288213654
104	0.0019851247981789786
247	0.0019851247981789786
118	0.0019851247981789786
136	0.0019586564675365924
143	0.001932188136894206
668	0.001932188136894206
268	0.0019057198062518196
128	0.0019057198062518196
142	0.0019057198062518196
120	0.0018263148143246605
127	0.0018263148143246605
171	0.0017998464836822743
169	0.0017469098223975015
368	0.0017469098223975015
147	0.0017469098223975015
138	0.0017469098223975015
189	0.001720441491755115
911	0.0016939731611127287
158	0.0016675048304703422
369	0.0016145681691855695
117	0.0016145681691855695
178	0.0015880998385431832
207	0.0015880998385431832
202	0.0015880998385431832
200	0.0015880998385431832
152	0.0015616315079007967
181	0.0015616315079007967
195	0.0015616315079007967
097	0.0015351631772584104
183	0.001508694846616024
129	0.001508694846616024
156	0.001508694846616024
236	0.0014822265159736376
150	0.0014822265159736376
151	0.0014822265159736376
157	0.0014822265159736376
155	0.0014557581853312511
201	0.0014557581853312511
186	0.0014557581853312511
172	0.0014557581853312511
188	0.0014557581853312511
300	0.0014292898546888649
206	0.0014292898546888649
153	0.0014292898546888649
130	0.0014292898546888649
379	0.0014028215240464784
180	0.0014028215240464784
224	0.0014028215240464784
235	0.001376353193404092
093	0.001376353193404092
211	0.0013498848627617056
176	0.0013498848627617056
161	0.0013498848627617056
194	0.0013234165321193193
219	0.0013234165321193193
012	0.0012969482014769328
203	0.0012969482014769328
096	0.0012969482014769328
304	0.0012704798708345465
173	0.0012704798708345465
175	0.00124401154019216
141	0.00124401154019216
221	0.0012175432095497738
214	0.0012175432095497738
145	0.0012175432095497738
208	0.0012175432095497738
174	0.0012175432095497738
148	0.0012175432095497738
146	0.0012175432095497738
233	0.0012175432095497738
137	0.0011910748789073873
216	0.0011910748789073873
190	0.0011910748789073873
191	0.001164606548265001
269	0.001164606548265001
185	0.001164606548265001
217	0.001164606548265001
239	0.001164606548265001
167	0.001164606548265001
144	0.001164606548265001
163	0.001164606548265001
255	0.001164606548265001
209	0.0011381382176226145
160	0.0011381382176226145
365	0.0011381382176226145
213	0.0011381382176226145
197	0.0011381382176226145
154	0.0011381382176226145
215	0.0011381382176226145
210	0.0011381382176226145
987	0.0011381382176226145
204	0.0011381382176226145
170	0.0011116698869802282
302	0.0011116698869802282
243	0.0011116698869802282
149	0.0011116698869802282
218	0.0010587332256954555
360	0.0010587332256954555
261	0.0010587332256954555
162	0.0010587332256954555
166	0.0010587332256954555
301	0.0010587332256954555
311	0.0010587332256954555
184	0.0010587332256954555
281	0.001032264895053069
279	0.001032264895053069
226	0.001032264895053069
289	0.001032264895053069
231	0.0010057965644106827
227	0.0010057965644106827
205	0.0010057965644106827
223	0.0010057965644106827
252	0.0009793282337682962
306	0.0009793282337682962
688	0.0009793282337682962
249	0.0009793282337682962
187	0.0009793282337682962
238	0.0009793282337682962
232	0.0009793282337682962
225	0.0009528599031259098
779	0.0009528599031259098
288	0.0009263915724835234
283	0.0009263915724835234
220	0.0009263915724835234
257	0.0009263915724835234
140	0.0009263915724835234
250	0.0009263915724835234
256	0.0008999232418411371
277	0.0008999232418411371
165	0.0008999232418411371
276	0.0008999232418411371
303	0.0008999232418411371
229	0.0008999232418411371
312	0.0008734549111987507
164	0.0008734549111987507
262	0.0008734549111987507
258	0.0008734549111987507
196	0.0008734549111987507
094	0.0008734549111987507
248	0.0008469865805563644
468	0.0008469865805563644
009	0.0008469865805563644
315	0.0008469865805563644
868	0.0008469865805563644
292	0.000820518249913978
308	0.000820518249913978
008	0.000820518249913978
278	0.000820518249913978
272	0.000820518249913978
240	0.000820518249913978
245	0.0007940499192715916
241	0.0007940499192715916
307	0.0007940499192715916
242	0.0007940499192715916
259	0.0007940499192715916
182	0.0007940499192715916
260	0.0007940499192715916
295	0.0007675815886292052
270	0.0007675815886292052
251	0.0007675815886292052
228	0.0007675815886292052
286	0.0007675815886292052
989	0.0007675815886292052
444	0.0007411132579868188
253	0.0007411132579868188
294	0.0007411132579868188
568	0.0007411132579868188
298	0.0007411132579868188
318	0.0007411132579868188
254	0.0007146449273444324
002	0.0007146449273444324
500	0.0007146449273444324
177	0.0007146449273444324
299	0.0007146449273444324
244	0.0007146449273444324
193	0.0007146449273444324
263	0.000688176596702046
359	0.000688176596702046
401	0.000688176596702046
309	0.000688176596702046
305	0.000688176596702046
266	0.0006617082660596597
339	0.0006617082660596597
310	0.0006617082660596597
579	0.0006617082660596597
411	0.0006617082660596597
264	0.0006617082660596597
273	0.0006617082660596597
686	0.0006617082660596597
319	0.0006352399354172733
391	0.0006352399354172733
343	0.0006352399354172733
689	0.0006352399354172733
282	0.0006352399354172733
889	0.0006352399354172733
296	0.0006352399354172733
280	0.0006087716047748869
316	0.0006087716047748869
274	0.0006087716047748869
290	0.0006087716047748869
285	0.0006087716047748869
979	0.0006087716047748869
291	0.0005823032741325005
428	0.0005823032741325005
336	0.0005823032741325005
324	0.0005823032741325005
334	0.0005558349434901141
271	0.0005558349434901141
297	0.0005558349434901141
389	0.0005558349434901141
331	0.0005558349434901141
237	0.0005558349434901141
601	0.0005293666128477277
330	0.0005293666128477277
322	0.0005293666128477277
376	0.0005293666128477277
320	0.0005293666128477277
313	0.0005293666128477277
293	0.0005293666128477277
502	0.0005293666128477277
900	0.0005293666128477277
230	0.0005293666128477277
520	0.0005293666128477277
275	0.0005293666128477277
400	0.0005028982822053413
003	0.0005028982822053413
477	0.0005028982822053413
388	0.0005028982822053413
404	0.0005028982822053413
337	0.0005028982822053413
886	0.0005028982822053413
325	0.0005028982822053413
323	0.0004764299515629549
092	0.0004764299515629549
351	0.0004764299515629549
420	0.0004764299515629549
328	0.0004764299515629549
267	0.0004764299515629549
412	0.0004764299515629549
378	0.0004764299515629549
939	0.0004764299515629549
501	0.0004764299515629549
709	0.0004764299515629549
004	0.0004764299515629549
559	0.0004764299515629549
340	0.00044996162092056857
422	0.00044996162092056857
408	0.00044996162092056857
317	0.00044996162092056857
349	0.00044996162092056857
440	0.00044996162092056857
006	0.0004234932902781822
385	0.0004234932902781822
332	0.0004234932902781822
612	0.0004234932902781822
712	0.0004234932902781822
399	0.0004234932902781822
314	0.0004234932902781822
402	0.0004234932902781822
366	0.0004234932902781822
338	0.0004234932902781822
392	0.0004234932902781822
387	0.0004234932902781822
450	0.0004234932902781822
478	0.0004234932902781822
421	0.0004234932902781822
346	0.0004234932902781822
381	0.0004234932902781822
599	0.0004234932902781822
350	0.0004234932902781822
550	0.0004234932902781822
909	0.0004234932902781822
382	0.0003970249596357958
506	0.0003970249596357958
410	0.0003970249596357958
699	0.0003970249596357958
386	0.0003970249596357958
356	0.0003970249596357958
362	0.0003970249596357958
543	0.0003970249596357958
586	0.0003970249596357958
347	0.0003970249596357958
969	0.0003970249596357958
406	0.0003970249596357958
383	0.0003970249596357958
329	0.0003970249596357958
467	0.0003970249596357958
771	0.0003970249596357958
284	0.0003970249596357958
265	0.0003970249596357958
287	0.0003970249596357958
099	0.0003970249596357958
636	0.0003705566289934094
910	0.0003705566289934094
504	0.0003705566289934094
407	0.0003705566289934094
327	0.0003705566289934094
511	0.0003705566289934094
361	0.0003705566289934094
380	0.0003705566289934094
371	0.0003705566289934094
010	0.0003705566289934094
811	0.0003705566289934094
415	0.0003705566289934094
326	0.0003705566289934094
397	0.0003705566289934094
016	0.0003705566289934094
424	0.0003705566289934094
370	0.0003705566289934094
556	0.0003705566289934094
089	0.0003705566289934094
899	0.0003705566289934094
005	0.0003705566289934094
011	0.0003705566289934094
799	0.0003705566289934094
448	0.000344088298351023
335	0.000344088298351023
800	0.000344088298351023
458	0.000344088298351023
353	0.000344088298351023
545	0.000344088298351023
991	0.000344088298351023
429	0.000344088298351023
436	0.000344088298351023
459	0.000344088298351023
341	0.000344088298351023
879	0.000344088298351023
443	0.000344088298351023
786	0.000344088298351023
492	0.000344088298351023
512	0.000344088298351023
510	0.000344088298351023
417	0.000344088298351023
374	0.000344088298351023
654	0.000344088298351023
384	0.00031761996770863664
367	0.00031761996770863664
015	0.00031761996770863664
701	0.00031761996770863664
531	0.00031761996770863664
535	0.00031761996770863664
788	0.00031761996770863664
419	0.00031761996770863664
352	0.00031761996770863664
377	0.00031761996770863664
992	0.00031761996770863664
479	0.00031761996770863664
718	0.00031761996770863664
495	0.00031761996770863664
375	0.00031761996770863664
565	0.00031761996770863664
905	0.00031761996770863664
079	0.00031761996770863664
054	0.00031761996770863664
679	0.00029115163706625025
413	0.00029115163706625025
547	0.00029115163706625025
078	0.00029115163706625025
447	0.00029115163706625025
538	0.00029115163706625025
532	0.00029115163706625025
519	0.00029115163706625025
521	0.00029115163706625025
591	0.00029115163706625025
523	0.00029115163706625025
449	0.00029115163706625025
711	0.00029115163706625025
040	0.00029115163706625025
578	0.00029115163706625025
522	0.00029115163706625025
525	0.00029115163706625025
988	0.00029115163706625025
451	0.00029115163706625025
434	0.00029115163706625025
445	0.00029115163706625025
476	0.00029115163706625025
610	0.00029115163706625025
996	0.00029115163706625025
474	0.00029115163706625025
539	0.00029115163706625025
432	0.00029115163706625025
031	0.00029115163706625025
489	0.00029115163706625025
838	0.00029115163706625025
719	0.00029115163706625025
454	0.00029115163706625025
696	0.00029115163706625025
463	0.00029115163706625025
354	0.00029115163706625025
997	0.00029115163706625025
669	0.00029115163706625025
995	0.00029115163706625025
898	0.00029115163706625025
828	0.00029115163706625025
797	0.00029115163706625025
618	0.00026468330642386386
475	0.00026468330642386386
628	0.00026468330642386386
929	0.00026468330642386386
465	0.00026468330642386386
558	0.00026468330642386386
488	0.00026468330642386386
557	0.00026468330642386386
425	0.00026468330642386386
414	0.00026468330642386386
344	0.00026468330642386386
018	0.00026468330642386386
710	0.00026468330642386386
013	0.00026468330642386386
024	0.00026468330642386386
563	0.00026468330642386386
416	0.00026468330642386386
442	0.00026468330642386386
890	0.00026468330642386386
505	0.00026468330642386386
485	0.00026468330642386386
647	0.00026468330642386386
494	0.00026468330642386386
503	0.00026468330642386386
441	0.00026468330642386386
702	0.00026468330642386386
977	0.00026468330642386386
968	0.00026468330642386386
818	0.00026468330642386386
058	0.00026468330642386386
583	0.00026468330642386386
606	0.00026468330642386386
673	0.00023821497578147745
751	0.00023821497578147745
714	0.00023821497578147745
395	0.00023821497578147745
517	0.00023821497578147745
491	0.00023821497578147745
620	0.00023821497578147745
919	0.00023821497578147745
780	0.00023821497578147745
569	0.00023821497578147745
396	0.00023821497578147745
740	0.00023821497578147745
405	0.00023821497578147745
348	0.00023821497578147745
363	0.00023821497578147745
756	0.00023821497578147745
403	0.00023821497578147745
776	0.00023821497578147745
810	0.00023821497578147745
518	0.00023821497578147745
588	0.00023821497578147745
878	0.00023821497578147745
630	0.00023821497578147745
990	0.00023821497578147745
986	0.00023821497578147745
930	0.00023821497578147745
670	0.00023821497578147745
611	0.00023821497578147745
693	0.00023821497578147745
705	0.00023821497578147745
631	0.00023821497578147745
658	0.00023821497578147745
430	0.00023821497578147745
881	0.00023821497578147745
064	0.00023821497578147745
566	0.00023821497578147745
912	0.0002117466451390911
372	0.0002117466451390911
913	0.0002117466451390911
469	0.0002117466451390911
708	0.0002117466451390911
528	0.0002117466451390911
619	0.0002117466451390911
551	0.0002117466451390911
418	0.0002117466451390911
457	0.0002117466451390911
739	0.0002117466451390911
602	0.0002117466451390911
373	0.0002117466451390911
622	0.0002117466451390911
342	0.0002117466451390911
766	0.0002117466451390911
435	0.0002117466451390911
088	0.0002117466451390911
393	0.0002117466451390911
026	0.0002117466451390911
516	0.0002117466451390911
812	0.0002117466451390911
472	0.0002117466451390911
066	0.0002117466451390911
575	0.0002117466451390911
409	0.0002117466451390911
998	0.0002117466451390911
624	0.0002117466451390911
700	0.0002117466451390911
496	0.0002117466451390911
801	0.0002117466451390911
059	0.0002117466451390911
768	0.0002117466451390911
508	0.0002117466451390911
809	0.0002117466451390911
571	0.0002117466451390911
793	0.0002117466451390911
621	0.0002117466451390911
455	0.0002117466451390911
638	0.0002117466451390911
901	0.0002117466451390911
509	0.0002117466451390911
462	0.0002117466451390911
816	0.0002117466451390911
498	0.0002117466451390911
452	0.0002117466451390911
671	0.0002117466451390911
721	0.0002117466451390911
733	0.0002117466451390911
738	0.0002117466451390911
446	0.0002117466451390911
083	0.0002117466451390911
662	0.0002117466451390911
750	0.0002117466451390911
017	0.0002117466451390911
438	0.0001852783144967047
471	0.0001852783144967047
741	0.0001852783144967047
821	0.0001852783144967047
877	0.0001852783144967047
885	0.0001852783144967047
487	0.0001852783144967047
964	0.0001852783144967047
685	0.0001852783144967047
703	0.0001852783144967047
552	0.0001852783144967047
707	0.0001852783144967047
515	0.0001852783144967047
717	0.0001852783144967047
745	0.0001852783144967047
499	0.0001852783144967047
585	0.0001852783144967047
074	0.0001852783144967047
833	0.0001852783144967047
677	0.0001852783144967047
918	0.0001852783144967047
542	0.0001852783144967047
490	0.0001852783144967047
464	0.0001852783144967047
876	0.0001852783144967047
691	0.0001852783144967047
546	0.0001852783144967047
473	0.0001852783144967047
461	0.0001852783144967047
355	0.0001852783144967047
439	0.0001852783144967047
747	0.0001852783144967047
822	0.0001852783144967047
427	0.0001852783144967047
775	0.0001852783144967047
916	0.0001852783144967047
976	0.0001852783144967047
423	0.0001852783144967047
020	0.0001852783144967047
616	0.0001852783144967047
580	0.0001852783144967047
883	0.0001852783144967047
607	0.0001852783144967047
014	0.0001852783144967047
831	0.0001852783144967047
730	0.0001852783144967047
027	0.0001852783144967047
715	0.0001852783144967047
720	0.0001852783144967047
589	0.0001852783144967047
681	0.0001852783144967047
625	0.0001852783144967047
073	0.0001852783144967047
680	0.0001852783144967047
908	0.0001852783144967047
077	0.0001852783144967047
806	0.0001852783144967047
851	0.0001852783144967047
626	0.0001852783144967047
033	0.0001852783144967047
826	0.0001852783144967047
858	0.0001852783144967047
526	0.0001852783144967047
731	0.0001852783144967047
798	0.00015880998385431832
497	0.00015880998385431832
562	0.00015880998385431832
824	0.00015880998385431832
049	0.00015880998385431832
785	0.00015880998385431832
466	0.00015880998385431832
659	0.00015880998385431832
609	0.00015880998385431832
529	0.00015880998385431832
861	0.00015880998385431832
907	0.00015880998385431832
891	0.00015880998385431832
080	0.00015880998385431832
584	0.00015880998385431832
493	0.00015880998385431832
698	0.00015880998385431832
672	0.00015880998385431832
819	0.00015880998385431832
841	0.00015880998385431832
486	0.00015880998385431832
640	0.00015880998385431832
437	0.00015880998385431832
676	0.00015880998385431832
075	0.00015880998385431832
839	0.00015880998385431832
364	0.00015880998385431832
030	0.00015880998385431832
039	0.00015880998385431832
025	0.00015880998385431832
694	0.00015880998385431832
603	0.00015880998385431832
962	0.00015880998385431832
772	0.00015880998385431832
548	0.00015880998385431832
949	0.00015880998385431832
650	0.00015880998385431832
433	0.00015880998385431832
431	0.00015880998385431832
481	0.00015880998385431832
815	0.00015880998385431832
390	0.00015880998385431832
513	0.00015880998385431832
394	0.00015880998385431832
757	0.00015880998385431832
985	0.00015880998385431832
682	0.00015880998385431832
032	0.00015880998385431832
983	0.00015880998385431832
855	0.00015880998385431832
761	0.00015880998385431832
655	0.00015880998385431832
663	0.00015880998385431832
560	0.00015880998385431832
600	0.00015880998385431832
993	0.00015880998385431832
653	0.00015880998385431832
791	0.00013234165321193193
807	0.00013234165321193193
903	0.00013234165321193193
071	0.00013234165321193193
453	0.00013234165321193193
829	0.00013234165321193193
882	0.00013234165321193193
634	0.00013234165321193193
803	0.00013234165321193193
778	0.00013234165321193193
652	0.00013234165321193193
932	0.00013234165321193193
594	0.00013234165321193193
830	0.00013234165321193193
635	0.00013234165321193193
957	0.00013234165321193193
605	0.00013234165321193193
887	0.00013234165321193193
770	0.00013234165321193193
514	0.00013234165321193193
875	0.00013234165321193193
076	0.00013234165321193193
527	0.00013234165321193193
971	0.00013234165321193193
722	0.00013234165321193193
022	0.00013234165321193193
639	0.00013234165321193193
994	0.00013234165321193193
848	0.00013234165321193193
732	0.00013234165321193193
804	0.00013234165321193193
922	0.00013234165321193193
915	0.00013234165321193193
727	0.00013234165321193193
755	0.00013234165321193193
023	0.00013234165321193193
530	0.00013234165321193193
597	0.00013234165321193193
884	0.00013234165321193193
774	0.00013234165321193193
540	0.00013234165321193193
956	0.00013234165321193193
713	0.00013234165321193193
725	0.00013234165321193193
808	0.00013234165321193193
595	0.00013234165321193193
587	0.00013234165321193193
541	0.00013234165321193193
086	0.00013234165321193193
068	0.00013234165321193193
961	0.00013234165321193193
095	0.00013234165321193193
590	0.00013234165321193193
950	0.00013234165321193193
664	0.00013234165321193193
978	0.00013234165321193193
960	0.00013234165321193193
867	0.00013234165321193193
955	0.00013234165321193193
045	0.00013234165321193193
067	0.00013234165321193193
695	0.00013234165321193193
649	0.00013234165321193193
524	0.00013234165321193193
484	0.00013234165321193193
728	0.00010587332256954555
037	0.00010587332256954555
637	0.00010587332256954555
744	0.00010587332256954555
021	0.00010587332256954555
561	0.00010587332256954555
767	0.00010587332256954555
660	0.00010587332256954555
893	0.00010587332256954555
759	0.00010587332256954555
742	0.00010587332256954555
952	0.00010587332256954555
832	0.00010587332256954555
790	0.00010587332256954555
592	0.00010587332256954555
544	0.00010587332256954555
646	0.00010587332256954555
923	0.00010587332256954555
063	0.00010587332256954555
358	0.00010587332256954555
069	0.00010587332256954555
604	0.00010587332256954555
827	0.00010587332256954555
754	0.00010587332256954555
872	0.00010587332256954555
426	0.00010587332256954555
813	0.00010587332256954555
805	0.00010587332256954555
897	0.00010587332256954555
460	0.00010587332256954555
765	0.00010587332256954555
940	0.00010587332256954555
055	0.00010587332256954555
398	0.00010587332256954555
593	0.00010587332256954555
061	0.00010587332256954555
072	0.00010587332256954555
966	0.00010587332256954555
692	0.00010587332256954555
925	0.00010587332256954555
070	0.00010587332256954555
613	0.00010587332256954555
782	0.00010587332256954555
651	0.00010587332256954555
057	0.00010587332256954555
863	0.00010587332256954555
748	0.00010587332256954555
056	0.00010587332256954555
482	0.00010587332256954555
928	0.00010587332256954555
643	0.00010587332256954555
645	0.00010587332256954555
038	0.00010587332256954555
982	0.00010587332256954555
656	0.00010587332256954555
642	0.00010587332256954555
873	0.00010587332256954555
046	0.00010587332256954555
549	7.940499192715916e-05
865	7.940499192715916e-05
706	7.940499192715916e-05
627	7.940499192715916e-05
470	7.940499192715916e-05
769	7.940499192715916e-05
938	7.940499192715916e-05
849	7.940499192715916e-05
615	7.940499192715916e-05
973	7.940499192715916e-05
958	7.940499192715916e-05
729	7.940499192715916e-05
963	7.940499192715916e-05
835	7.940499192715916e-05
573	7.940499192715916e-05
974	7.940499192715916e-05
724	7.940499192715916e-05
753	7.940499192715916e-05
842	7.940499192715916e-05
914	7.940499192715916e-05
582	7.940499192715916e-05
633	7.940499192715916e-05
794	7.940499192715916e-05
931	7.940499192715916e-05
781	7.940499192715916e-05
917	7.940499192715916e-05
053	7.940499192715916e-05
942	7.940499192715916e-05
576	7.940499192715916e-05
661	7.940499192715916e-05
834	7.940499192715916e-05
690	7.940499192715916e-05
820	7.940499192715916e-05
920	7.940499192715916e-05
683	7.940499192715916e-05
783	7.940499192715916e-05
847	7.940499192715916e-05
574	7.940499192715916e-05
965	7.940499192715916e-05
970	7.940499192715916e-05
972	7.940499192715916e-05
817	7.940499192715916e-05
564	7.940499192715916e-05
533	7.940499192715916e-05
614	7.940499192715916e-05
632	7.940499192715916e-05
752	7.940499192715916e-05
665	7.940499192715916e-05
036	7.940499192715916e-05
845	7.940499192715916e-05
029	7.940499192715916e-05
081	7.940499192715916e-05
927	7.940499192715916e-05
943	7.940499192715916e-05
087	7.940499192715916e-05
764	7.940499192715916e-05
846	7.940499192715916e-05
870	7.940499192715916e-05
553	7.940499192715916e-05
906	7.940499192715916e-05
019	7.940499192715916e-05
723	7.940499192715916e-05
534	7.940499192715916e-05
946	7.940499192715916e-05
570	7.940499192715916e-05
697	7.940499192715916e-05
787	7.940499192715916e-05
892	7.940499192715916e-05
880	7.940499192715916e-05
554	7.940499192715916e-05
926	7.940499192715916e-05
648	7.940499192715916e-05
047	7.940499192715916e-05
704	7.940499192715916e-05
062	7.940499192715916e-05
735	7.940499192715916e-05
984	7.940499192715916e-05
866	7.940499192715916e-05
084	7.940499192715916e-05
065	7.940499192715916e-05
980	7.940499192715916e-05
028	7.940499192715916e-05
598	7.940499192715916e-05
944	7.940499192715916e-05
814	7.940499192715916e-05
629	7.940499192715916e-05
507	7.940499192715916e-05
737	7.940499192715916e-05
967	7.940499192715916e-05
933	7.940499192715916e-05
044	5.293666128477277e-05
836	5.293666128477277e-05
608	5.293666128477277e-05
862	5.293666128477277e-05
762	5.293666128477277e-05
843	5.293666128477277e-05
924	5.293666128477277e-05
859	5.293666128477277e-05
041	5.293666128477277e-05
746	5.293666128477277e-05
726	5.293666128477277e-05
536	5.293666128477277e-05
734	5.293666128477277e-05
572	5.293666128477277e-05
856	5.293666128477277e-05
975	5.293666128477277e-05
736	5.293666128477277e-05
796	5.293666128477277e-05
935	5.293666128477277e-05
936	5.293666128477277e-05
657	5.293666128477277e-05
951	5.293666128477277e-05
795	5.293666128477277e-05
954	5.293666128477277e-05
948	5.293666128477277e-05
684	5.293666128477277e-05
895	5.293666128477277e-05
853	5.293666128477277e-05
854	5.293666128477277e-05
864	5.293666128477277e-05
641	5.293666128477277e-05
035	5.293666128477277e-05
773	5.293666128477277e-05
981	5.293666128477277e-05
760	5.293666128477277e-05
085	5.293666128477277e-05
850	5.293666128477277e-05
617	5.293666128477277e-05
043	5.293666128477277e-05
082	5.293666128477277e-05
869	5.293666128477277e-05
581	5.293666128477277e-05
953	5.293666128477277e-05
577	5.293666128477277e-05
837	5.293666128477277e-05
483	5.293666128477277e-05
644	5.293666128477277e-05
871	5.293666128477277e-05
904	5.293666128477277e-05
945	5.293666128477277e-05
852	5.293666128477277e-05
902	5.293666128477277e-05
934	5.293666128477277e-05
480	5.293666128477277e-05
623	5.293666128477277e-05
792	2.6468330642386386e-05
921	2.6468330642386386e-05
894	2.6468330642386386e-05
675	2.6468330642386386e-05
825	2.6468330642386386e-05
784	2.6468330642386386e-05
937	2.6468330642386386e-05
763	2.6468330642386386e-05
051	2.6468330642386386e-05
042	2.6468330642386386e-05
667	2.6468330642386386e-05
802	2.6468330642386386e-05
941	2.6468330642386386e-05
537	2.6468330642386386e-05
749	2.6468330642386386e-05
716	2.6468330642386386e-05
743	2.6468330642386386e-05
034	2.6468330642386386e-05
947	2.6468330642386386e-05
050	2.6468330642386386e-05
823	2.6468330642386386e-05
052	2.6468330642386386e-05
048	2.6468330642386386e-05
687	2.6468330642386386e-05
874	2.6468330642386386e-05
860	2.6468330642386386e-05
