1234	0.13653355485670207
0123	0.04242568088767579
1102	0.02901560553017267
1230	0.012223343024980715
1111	0.011985996558476236
6789	0.011985996558476236
0147	0.010027888209814276
9999	0.009968551593188156
1412	0.008781819260665756
1212	0.006764374295377677
0000	0.006408354595620958
1122	0.005755651812733638
1010	0.004450246246958998
8888	0.004153563163828399
0909	0.004094226547202279
1221	0.004094226547202279
2412	0.003916216697323918
1402	0.0030855040645582387
0987	0.003026167447932119
1410	0.002848157598053759
2212	0.002848157598053759
1411	0.002848157598053759
1001	0.002788820981427639
1211	0.002788820981427639
1510	0.002788820981427639
2310	0.002729484364801519
2468	0.002729484364801519
1210	0.002729484364801519
2511	0.002729484364801519
2222	0.002670147748175399
2510	0.002670147748175399
2512	0.002670147748175399
0122	0.002551474514923159
7777	0.002492137898297039
2410	0.0024328012816709193
0101	0.0023734646650447992
1000	0.0023734646650447992
1310	0.002314128048418679
1231	0.002254791431792559
2411	0.002254791431792559
2610	0.002254791431792559
1511	0.002254791431792559
1209	0.002195454815166439
1710	0.002195454815166439
2710	0.0021361181985403194
1312	0.0021361181985403194
1202	0.0020767815819141993
1235	0.0020767815819141993
1512	0.0020767815819141993
1811	0.0020767815819141993
1012	0.0020767815819141993
4444	0.0020174449652880793
1105	0.0020174449652880793
1810	0.0020174449652880793
2612	0.0020174449652880793
1508	0.001958108348661959
3010	0.001958108348661959
4567	0.0018987717320358393
1011	0.0018987717320358393
1123	0.0018987717320358393
0908	0.0018987717320358393
2211	0.0018987717320358393
2611	0.0018987717320358393
2112	0.0018987717320358393
4321	0.0018394351154097193
2712	0.0017800984987835994
6868	0.0017800984987835994
2110	0.0017800984987835994
1325	0.0017800984987835994
1612	0.0017207618821574793
1314	0.0017207618821574793
2312	0.0017207618821574793
0912	0.0017207618821574793
2311	0.0017207618821574793
2525	0.0017207618821574793
2811	0.0017207618821574793
2910	0.0017207618821574793
1610	0.0017207618821574793
2810	0.0017207618821574793
2210	0.0017207618821574793
6666	0.0016614252655313595
0102	0.0016614252655313595
1208	0.0016614252655313595
0209	0.0016614252655313595
5678	0.0016020886489052394
1233	0.0016020886489052394
2509	0.0016020886489052394
0125	0.0016020886489052394
2911	0.0016020886489052394
2912	0.0015427520322791194
2812	0.0015427520322791194
1611	0.0015427520322791194
1201	0.0014834154156529995
2209	0.0014834154156529995
1080	0.0014240787990268794
3456	0.0014240787990268794
2309	0.0014240787990268794
1232	0.0014240787990268794
0011	0.0014240787990268794
3011	0.0014240787990268794
1008	0.0014240787990268794
1311	0.0014240787990268794
0166	0.0013647421824007596
1110	0.0013647421824007596
0312	0.0013647421824007596
0510	0.0013647421824007596
3333	0.0013647421824007596
0210	0.0013647421824007596
3110	0.0013647421824007596
1101	0.0013647421824007596
1505	0.0013647421824007596
1506	0.0013647421824007596
1711	0.0013054055657746395
0110	0.0013054055657746395
7890	0.0013054055657746395
1009	0.0013054055657746395
1503	0.0013054055657746395
1712	0.0013054055657746395
0810	0.0013054055657746395
3012	0.0012460689491485195
2505	0.0012460689491485195
1109	0.0012460689491485195
0202	0.0012460689491485195
0310	0.0012460689491485195
2501	0.0012460689491485195
2308	0.0012460689491485195
0511	0.0012460689491485195
1502	0.0012460689491485195
1357	0.0012460689491485195
0903	0.0012460689491485195
0211	0.0012460689491485195
0168	0.0012460689491485195
2202	0.0011867323325223996
2909	0.0011867323325223996
0001	0.0011867323325223996
2409	0.0011867323325223996
2111	0.0011867323325223996
2711	0.0011867323325223996
1002	0.0011867323325223996
2603	0.0011867323325223996
5555	0.0011273957158962795
1088	0.0011273957158962795
1112	0.0011273957158962795
2204	0.0011273957158962795
0203	0.0011273957158962795
7979	0.0011273957158962795
0309	0.0011273957158962795
0910	0.0011273957158962795
2103	0.0011273957158962795
1020	0.0011273957158962795
1005	0.0011273957158962795
1812	0.0010680590992701597
3112	0.0010680590992701597
1409	0.0010680590992701597
2305	0.0010680590992701597
1236	0.0010680590992701597
0712	0.0010680590992701597
1605	0.0010680590992701597
1403	0.0010680590992701597
1205	0.0010680590992701597
1809	0.0010680590992701597
1602	0.0010680590992701597
1302	0.0010680590992701597
2808	0.0010680590992701597
1269	0.0010087224826440396
0302	0.0010087224826440396
2203	0.0010087224826440396
1204	0.0010087224826440396
0212	0.0010087224826440396
1103	0.0010087224826440396
0169	0.0010087224826440396
2109	0.0010087224826440396
1408	0.0010087224826440396
0709	0.0010087224826440396
3004	0.0010087224826440396
3000	0.0010087224826440396
2504	0.0010087224826440396
0610	0.0010087224826440396
2108	0.0010087224826440396
2301	0.0010087224826440396
1805	0.0010087224826440396
1245	0.0010087224826440396
1308	0.0010087224826440396
2403	0.0009493858660179197
2345	0.0009493858660179197
1107	0.0009493858660179197
2101	0.0009493858660179197
1207	0.0009493858660179197
1007	0.0009493858660179197
7641	0.0009493858660179197
2201	0.0009493858660179197
0809	0.0009493858660179197
0901	0.0009493858660179197
2601	0.0009493858660179197
1803	0.0009493858660179197
1004	0.0009493858660179197
1368	0.0009493858660179197
2508	0.0009493858660179197
1108	0.0009493858660179197
1206	0.0009493858660179197
1301	0.0009493858660179197
8989	0.0008900492493917997
1808	0.0008900492493917997
1303	0.0008900492493917997
0412	0.0008900492493917997
2507	0.0008900492493917997
3005	0.0008900492493917997
0612	0.0008900492493917997
3979	0.0008900492493917997
1003	0.0008900492493917997
1213	0.0008900492493917997
2404	0.0008900492493917997
0303	0.0008900492493917997
0607	0.0008900492493917997
1456	0.0008900492493917997
0106	0.0008900492493917997
2205	0.0008900492493917997
1507	0.0008900492493917997
2303	0.0008900492493917997
0902	0.0008900492493917997
0201	0.0008900492493917997
1802	0.0008900492493917997
0404	0.0008900492493917997
1106	0.0008900492493917997
0258	0.0008900492493917997
3003	0.0008307126327656797
6688	0.0008307126327656797
1789	0.0008307126327656797
2307	0.0008307126327656797
2903	0.0008307126327656797
1306	0.0008307126327656797
2908	0.0008307126327656797
0407	0.0008307126327656797
2701	0.0008307126327656797
1309	0.0008307126327656797
9876	0.0008307126327656797
1258	0.0008307126327656797
1608	0.0008307126327656797
1504	0.0008307126327656797
1707	0.0008307126327656797
0502	0.0008307126327656797
2302	0.0008307126327656797
2107	0.0008307126327656797
1708	0.0008307126327656797
0121	0.0008307126327656797
0905	0.0008307126327656797
0112	0.0008307126327656797
2408	0.0008307126327656797
4869	0.0007713760161395597
2602	0.0007713760161395597
2503	0.0007713760161395597
2708	0.0007713760161395597
1290	0.0007713760161395597
1603	0.0007713760161395597
1705	0.0007713760161395597
0606	0.0007713760161395597
1100	0.0007713760161395597
2803	0.0007713760161395597
1704	0.0007713760161395597
1006	0.0007713760161395597
1256	0.0007713760161395597
3008	0.0007713760161395597
1305	0.0007713760161395597
2208	0.0007713760161395597
0304	0.0007713760161395597
0611	0.0007713760161395597
2606	0.0007713760161395597
0406	0.0007713760161395597
0208	0.0007713760161395597
0512	0.0007713760161395597
0099	0.0007713760161395597
2608	0.0007713760161395597
1120	0.0007713760161395597
2405	0.0007713760161395597
1509	0.0007713760161395597
7410	0.0007713760161395597
1223	0.0007120393995134397
1406	0.0007120393995134397
0811	0.0007120393995134397
0506	0.0007120393995134397
0103	0.0007120393995134397
0109	0.0007120393995134397
3210	0.0007120393995134397
1199	0.0007120393995134397
2609	0.0007120393995134397
2901	0.0007120393995134397
1190	0.0007120393995134397
0911	0.0007120393995134397
1702	0.0007120393995134397
0808	0.0007120393995134397
1324	0.0007120393995134397
0411	0.0007120393995134397
1214	0.0007120393995134397
2401	0.0007120393995134397
2904	0.0007120393995134397
0405	0.0007120393995134397
2809	0.0007120393995134397
0711	0.0007120393995134397
2801	0.0007120393995134397
8910	0.0007120393995134397
1407	0.0007120393995134397
2906	0.0007120393995134397
0301	0.0007120393995134397
2304	0.0007120393995134397
1606	0.0007120393995134397
0167	0.0007120393995134397
9090	0.0006527027828873198
3108	0.0006527027828873198
2407	0.0006527027828873198
0205	0.0006527027828873198
7788	0.0006527027828873198
0812	0.0006527027828873198
2802	0.0006527027828873198
0509	0.0006527027828873198
2323	0.0006527027828873198
0801	0.0006527027828873198
2607	0.0006527027828873198
2106	0.0006527027828873198
2707	0.0006527027828873198
0120	0.0006527027828873198
0188	0.0006527027828873198
3006	0.0006527027828873198
1404	0.0006527027828873198
1709	0.0006527027828873198
1609	0.0006527027828873198
3009	0.0006527027828873198
1313	0.0006527027828873198
0508	0.0006527027828873198
0904	0.0006527027828873198
3101	0.0005933661662611998
0409	0.0005933661662611998
7610	0.0005933661662611998
2702	0.0005933661662611998
2123	0.0005933661662611998
2807	0.0005933661662611998
9900	0.0005933661662611998
3001	0.0005933661662611998
2978	0.0005933661662611998
2402	0.0005933661662611998
8890	0.0005933661662611998
2104	0.0005933661662611998
2406	0.0005933661662611998
1501	0.0005933661662611998
0707	0.0005933661662611998
5011	0.0005933661662611998
1121	0.0005933661662611998
0206	0.0005933661662611998
2804	0.0005933661662611998
0306	0.0005933661662611998
0906	0.0005933661662611998
1401	0.0005933661662611998
2905	0.0005933661662611998
0507	0.0005933661662611998
2709	0.0005933661662611998
2805	0.0005933661662611998
8991	0.0005933661662611998
8899	0.0005933661662611998
1804	0.0005933661662611998
2506	0.0005933661662611998
0105	0.0005933661662611998
2102	0.0005933661662611998
0108	0.0005933661662611998
2502	0.0005933661662611998
2306	0.0005933661662611998
0165	0.0005933661662611998
0410	0.0005340295496350798
1200	0.0005340295496350798
1604	0.0005340295496350798
3344	0.0005340295496350798
1304	0.0005340295496350798
0204	0.0005340295496350798
1525	0.0005340295496350798
8686	0.0005340295496350798
2907	0.0005340295496350798
0703	0.0005340295496350798
1239	0.0005340295496350798
1452	0.0005340295496350798
0505	0.0005340295496350798
0402	0.0005340295496350798
0104	0.0005340295496350798
9009	0.0005340295496350798
2704	0.0005340295496350798
1320	0.0005340295496350798
1701	0.0005340295496350798
0111	0.0005340295496350798
2605	0.0005340295496350798
0503	0.0005340295496350798
0802	0.0005340295496350798
1806	0.0005340295496350798
1423	0.0005340295496350798
0805	0.0005340295496350798
1807	0.0005340295496350798
0321	0.0005340295496350798
0602	0.0005340295496350798
1203	0.0005340295496350798
1192	0.00047469293300895983
1340	0.00047469293300895983
1326	0.00047469293300895983
0919	0.00047469293300895983
2121	0.00047469293300895983
1307	0.00047469293300895983
0710	0.00047469293300895983
0012	0.00047469293300895983
0988	0.00047469293300895983
1250	0.00047469293300895983
0107	0.00047469293300895983
1607	0.00047469293300895983
0305	0.00047469293300895983
0608	0.00047469293300895983
7621	0.00047469293300895983
1289	0.00047469293300895983
1703	0.00047469293300895983
1089	0.00047469293300895983
0207	0.00047469293300895983
1132	0.00047469293300895983
1133	0.00047469293300895983
2105	0.00047469293300895983
0159	0.00047469293300895983
0408	0.00047469293300895983
1598	0.00047469293300895983
0702	0.00047469293300895983
0504	0.0004153563163828399
1280	0.0004153563163828399
1189	0.0004153563163828399
2299	0.0004153563163828399
6677	0.0004153563163828399
8990	0.0004153563163828399
1321	0.0004153563163828399
1890	0.0004153563163828399
7878	0.0004153563163828399
8889	0.0004153563163828399
5000	0.0004153563163828399
9898	0.0004153563163828399
3107	0.0004153563163828399
2806	0.0004153563163828399
9192	0.0004153563163828399
0907	0.0004153563163828399
1892	0.0004153563163828399
0308	0.0004153563163828399
1131	0.0004153563163828399
1470	0.0004153563163828399
0704	0.0004153563163828399
1546	0.0004153563163828399
1191	0.0004153563163828399
1021	0.0004153563163828399
0705	0.0004153563163828399
1801	0.0004153563163828399
1478	0.0004153563163828399
1023	0.0004153563163828399
1134	0.0004153563163828399
8788	0.0004153563163828399
1090	0.0004153563163828399
2589	0.0004153563163828399
1104	0.0004153563163828399
3105	0.00035601969975671986
3388	0.00035601969975671986
8283	0.00035601969975671986
0803	0.00035601969975671986
0124	0.00035601969975671986
0307	0.00035601969975671986
2207	0.00035601969975671986
0807	0.00035601969975671986
0501	0.00035601969975671986
6886	0.00035601969975671986
0401	0.00035601969975671986
0806	0.00035601969975671986
0706	0.00035601969975671986
7764	0.00035601969975671986
0650	0.00035601969975671986
9981	0.00035601969975671986
0701	0.00035601969975671986
3007	0.00035601969975671986
0804	0.00035601969975671986
9292	0.00035601969975671986
4545	0.00035601969975671986
0975	0.00035601969975671986
0989	0.00035601969975671986
0311	0.00035601969975671986
1706	0.00035601969975671986
7123	0.00035601969975671986
0990	0.00035601969975671986
2206	0.00035601969975671986
0604	0.00035601969975671986
8789	0.00035601969975671986
0010	0.00035601969975671986
1819	0.00035601969975671986
1125	0.00035601969975671986
2233	0.00035601969975671986
8892	0.0002966830831305999
2356	0.0002966830831305999
1415	0.0002966830831305999
1284	0.0002966830831305999
1795	0.0002966830831305999
1293	0.0002966830831305999
1369	0.0002966830831305999
0948	0.0002966830831305999
8384	0.0002966830831305999
0708	0.0002966830831305999
8688	0.0002966830831305999
1086	0.0002966830831305999
0603	0.0002966830831305999
7121	0.0002966830831305999
7604	0.0002966830831305999
3120	0.0002966830831305999
5566	0.0002966830831305999
2214	0.0002966830831305999
0002	0.0002966830831305999
1899	0.0002966830831305999
1601	0.0002966830831305999
1188	0.0002966830831305999
8787	0.0002966830831305999
4399	0.0002966830831305999
1240	0.0002966830831305999
9988	0.0002966830831305999
0935	0.0002966830831305999
3123	0.0002966830831305999
1437	0.0002966830831305999
0241	0.0002966830831305999
5891	0.0002966830831305999
0977	0.0002966830831305999
1025	0.0002966830831305999
7761	0.0002966830831305999
0913	0.0002966830831305999
3891	0.0002966830831305999
1024	0.0002966830831305999
2100	0.0002966830831305999
7789	0.0002966830831305999
1029	0.0002966830831305999
1035	0.0002966830831305999
0007	0.0002966830831305999
1379	0.0002966830831305999
2424	0.0002966830831305999
7889	0.0002966830831305999
1590	0.0002966830831305999
1198	0.0002966830831305999
1596	0.0002966830831305999
0090	0.0002966830831305999
8520	0.0002966830831305999
0605	0.0002966830831305999
1243	0.0002966830831305999
2988	0.0002966830831305999
0135	0.0002966830831305999
1616	0.0002966830831305999
1254	0.0002966830831305999
1790	0.00023734646650447992
8800	0.00023734646650447992
1891	0.00023734646650447992
5984	0.00023734646650447992
7983	0.00023734646650447992
1496	0.00023734646650447992
8885	0.00023734646650447992
7749	0.00023734646650447992
4488	0.00023734646650447992
1414	0.00023734646650447992
1047	0.00023734646650447992
3289	0.00023734646650447992
1629	0.00023734646650447992
2703	0.00023734646650447992
1246	0.00023734646650447992
2134	0.00023734646650447992
1717	0.00023734646650447992
4891	0.00023734646650447992
1081	0.00023734646650447992
8187	0.00023734646650447992
1390	0.00023734646650447992
2627	0.00023734646650447992
1197	0.00023734646650447992
8589	0.00023734646650447992
1026	0.00023734646650447992
0972	0.00023734646650447992
8886	0.00023734646650447992
0609	0.00023734646650447992
9387	0.00023734646650447992
3254	0.00023734646650447992
2580	0.00023734646650447992
9000	0.00023734646650447992
1015	0.00023734646650447992
1194	0.00023734646650447992
1597	0.00023734646650447992
1265	0.00023734646650447992
8292	0.00023734646650447992
3636	0.00023734646650447992
0129	0.00023734646650447992
8287	0.00023734646650447992
2491	0.00023734646650447992
2690	0.00023734646650447992
1124	0.00023734646650447992
2500	0.00023734646650447992
5656	0.00023734646650447992
0369	0.00023734646650447992
1579	0.00023734646650447992
0984	0.00023734646650447992
0601	0.00023734646650447992
2213	0.00023734646650447992
0917	0.00023734646650447992
8992	0.00023734646650447992
0613	0.00023734646650447992
1425	0.00023734646650447992
1413	0.00023734646650447992
2727	0.00023734646650447992
2585	0.00023734646650447992
7227	0.00023734646650447992
8385	0.00023734646650447992
8484	0.00023734646650447992
9989	0.00023734646650447992
8687	0.00023734646650447992
7676	0.00023734646650447992
1588	0.00023734646650447992
7000	0.00023734646650447992
0192	0.00023734646650447992
5689	0.00023734646650447992
7211	0.00023734646650447992
0456	0.00023734646650447992
9494	0.00023734646650447992
1300	0.00023734646650447992
0164	0.00023734646650447992
0313	0.00023734646650447992
0163	0.00023734646650447992
5405	0.00023734646650447992
5894	0.00023734646650447992
1405	0.00023734646650447992
2200	0.00023734646650447992
7611	0.00023734646650447992
2513	0.00023734646650447992
8866	0.00023734646650447992
9966	0.00023734646650447992
1279	0.00023734646650447992
0978	0.00023734646650447992
2314	0.00023734646650447992
2114	0.00023734646650447992
1091	0.00023734646650447992
1260	0.00023734646650447992
0113	0.00023734646650447992
3214	0.00023734646650447992
2536	0.00023734646650447992
4561	0.00023734646650447992
0623	0.00023734646650447992
1489	0.00023734646650447992
1800	0.00023734646650447992
5588	0.00023734646650447992
8586	0.00023734646650447992
8900	0.00023734646650447992
0918	0.00023734646650447992
1400	0.00023734646650447992
8426	0.00023734646650447992
0288	0.00023734646650447992
3535	0.00023734646650447992
6689	0.00023734646650447992
1150	0.00023734646650447992
0077	0.00023734646650447992
8284	0.00023734646650447992
1397	0.00017800984987835993
9194	0.00017800984987835993
2790	0.00017800984987835993
0048	0.00017800984987835993
0430	0.00017800984987835993
8893	0.00017800984987835993
7781	0.00017800984987835993
0200	0.00017800984987835993
3790	0.00017800984987835993
1420	0.00017800984987835993
6969	0.00017800984987835993
2992	0.00017800984987835993
9595	0.00017800984987835993
7613	0.00017800984987835993
9710	0.00017800984987835993
2392	0.00017800984987835993
2626	0.00017800984987835993
1238	0.00017800984987835993
2268	0.00017800984987835993
9933	0.00017800984987835993
1098	0.00017800984987835993
0403	0.00017800984987835993
8390	0.00017800984987835993
1066	0.00017800984987835993
1220	0.00017800984987835993
8600	0.00017800984987835993
1686	0.00017800984987835993
2133	0.00017800984987835993
1022	0.00017800984987835993
8983	0.00017800984987835993
9694	0.00017800984987835993
1637	0.00017800984987835993
5220	0.00017800984987835993
0916	0.00017800984987835993
9700	0.00017800984987835993
2122	0.00017800984987835993
0400	0.00017800984987835993
8485	0.00017800984987835993
0033	0.00017800984987835993
2347	0.00017800984987835993
3250	0.00017800984987835993
5020	0.00017800984987835993
4101	0.00017800984987835993
7328	0.00017800984987835993
8792	0.00017800984987835993
1745	0.00017800984987835993
7760	0.00017800984987835993
0991	0.00017800984987835993
2291	0.00017800984987835993
0937	0.00017800984987835993
0939	0.00017800984987835993
2234	0.00017800984987835993
6767	0.00017800984987835993
2182	0.00017800984987835993
9290	0.00017800984987835993
1176	0.00017800984987835993
7601	0.00017800984987835993
9779	0.00017800984987835993
9002	0.00017800984987835993
0066	0.00017800984987835993
7997	0.00017800984987835993
0218	0.00017800984987835993
7654	0.00017800984987835993
2552	0.00017800984987835993
1228	0.00017800984987835993
1226	0.00017800984987835993
0128	0.00017800984987835993
2706	0.00017800984987835993
3291	0.00017800984987835993
2358	0.00017800984987835993
0915	0.00017800984987835993
0126	0.00017800984987835993
7191	0.00017800984987835993
7791	0.00017800984987835993
5530	0.00017800984987835993
8386	0.00017800984987835993
7891	0.00017800984987835993
1113	0.00017800984987835993
2131	0.00017800984987835993
1818	0.00017800984987835993
2469	0.00017800984987835993
9987	0.00017800984987835993
7991	0.00017800984987835993
8765	0.00017800984987835993
1345	0.00017800984987835993
7763	0.00017800984987835993
9910	0.00017800984987835993
2604	0.00017800984987835993
1155	0.00017800984987835993
2119	0.00017800984987835993
7620	0.00017800984987835993
5230	0.00017800984987835993
1878	0.00017800984987835993
7596	0.00017800984987835993
1242	0.00017800984987835993
4560	0.00017800984987835993
7879	0.00017800984987835993
1432	0.00017800984987835993
7711	0.00017800984987835993
1564	0.00017800984987835993
1296	0.00017800984987835993
1276	0.00017800984987835993
1149	0.00017800984987835993
1139	0.00017800984987835993
3188	0.00017800984987835993
1560	0.00017800984987835993
4215	0.00017800984987835993
0350	0.00017800984987835993
1241	0.00017800984987835993
3721	0.00017800984987835993
1288	0.00017800984987835993
8891	0.00017800984987835993
4455	0.00017800984987835993
9091	0.00017800984987835993
4690	0.00017800984987835993
1458	0.00017800984987835993
6288	0.00017800984987835993
4410	0.00017800984987835993
3021	0.00017800984987835993
2388	0.00017800984987835993
1593	0.00017800984987835993
7787	0.00017800984987835993
9393	0.00017800984987835993
2255	0.00017800984987835993
1130	0.00017800984987835993
8288	0.00017800984987835993
7285	0.00017800984987835993
1331	0.00017800984987835993
1337	0.00017800984987835993
0982	0.00017800984987835993
7210	0.00017800984987835993
8316	0.00017800984987835993
6879	0.00017800984987835993
0986	0.00017800984987835993
7780	0.00017800984987835993
4909	0.00017800984987835993
5683	0.00017800984987835993
3587	0.00017800984987835993
7986	0.00017800984987835993
4568	0.00017800984987835993
4747	0.00017800984987835993
0256	0.00017800984987835993
0224	0.00017800984987835993
1222	0.00017800984987835993
1479	0.00017800984987835993
1229	0.00017800984987835993
1894	0.00017800984987835993
0966	0.00017800984987835993
1180	0.00017800984987835993
7988	0.00017800984987835993
2195	0.00017800984987835993
9211	0.00017800984987835993
1030	0.00017800984987835993
1225	0.00017800984987835993
8907	0.00017800984987835993
3992	0.00017800984987835993
1523	0.00017800984987835993
0295	0.00017800984987835993
8387	0.00017800984987835993
0780	0.00017800984987835993
4312	0.00017800984987835993
3412	0.00017800984987835993
2590	0.00017800984987835993
0914	0.00017800984987835993
0931	0.00017800984987835993
0351	0.00017800984987835993
0231	0.00017800984987835993
9119	0.00017800984987835993
1569	0.00017800984987835993
8486	0.00017800984987835993
1376	0.00017800984987835993
1292	0.00017800984987835993
0932	0.00017800984987835993
8988	0.00017800984987835993
6788	0.00017800984987835993
7714	0.00017800984987835993
1322	0.00017800984987835993
2467	0.00017800984987835993
6212	0.00017800984987835993
9293	0.00017800984987835993
1160	0.00017800984987835993
4490	0.00017800984987835993
6000	0.00017800984987835993
8903	0.00017800984987835993
4311	0.00017800984987835993
9889	0.00017800984987835993
0327	0.00011867323325223996
1589	0.00011867323325223996
5190	0.00011867323325223996
5441	0.00011867323325223996
0444	0.00011867323325223996
4141	0.00011867323325223996
6300	0.00011867323325223996
4774	0.00011867323325223996
7247	0.00011867323325223996
8587	0.00011867323325223996
5545	0.00011867323325223996
2196	0.00011867323325223996
3949	0.00011867323325223996
9986	0.00011867323325223996
1429	0.00011867323325223996
1183	0.00011867323325223996
1518	0.00011867323325223996
7799	0.00011867323325223996
2628	0.00011867323325223996
0945	0.00011867323325223996
0325	0.00011867323325223996
3192	0.00011867323325223996
7683	0.00011867323325223996
2191	0.00011867323325223996
6030	0.00011867323325223996
4286	0.00011867323325223996
6591	0.00011867323325223996
8383	0.00011867323325223996
2293	0.00011867323325223996
9621	0.00011867323325223996
8102	0.00011867323325223996
7887	0.00011867323325223996
0378	0.00011867323325223996
2700	0.00011867323325223996
1268	0.00011867323325223996
0282	0.00011867323325223996
8419	0.00011867323325223996
6600	0.00011867323325223996
7989	0.00011867323325223996
3792	0.00011867323325223996
8689	0.00011867323325223996
6230	0.00011867323325223996
8488	0.00011867323325223996
0721	0.00011867323325223996
1578	0.00011867323325223996
1195	0.00011867323325223996
9812	0.00011867323325223996
2529	0.00011867323325223996
0213	0.00011867323325223996
1724	0.00011867323325223996
0193	0.00011867323325223996
1055	0.00011867323325223996
9124	0.00011867323325223996
3232	0.00011867323325223996
4116	0.00011867323325223996
1076	0.00011867323325223996
5610	0.00011867323325223996
0993	0.00011867323325223996
3230	0.00011867323325223996
9001	0.00011867323325223996
8852	0.00011867323325223996
2341	0.00011867323325223996
7798	0.00011867323325223996
5525	0.00011867323325223996
0949	0.00011867323325223996
0651	0.00011867323325223996
3387	0.00011867323325223996
1299	0.00011867323325223996
4392	0.00011867323325223996
3097	0.00011867323325223996
6690	0.00011867323325223996
2662	0.00011867323325223996
0389	0.00011867323325223996
6791	0.00011867323325223996
9709	0.00011867323325223996
3520	0.00011867323325223996
4748	0.00011867323325223996
9711	0.00011867323325223996
9291	0.00011867323325223996
8190	0.00011867323325223996
8793	0.00011867323325223996
7642	0.00011867323325223996
1567	0.00011867323325223996
8864	0.00011867323325223996
0816	0.00011867323325223996
5413	0.00011867323325223996
0189	0.00011867323325223996
0489	0.00011867323325223996
2688	0.00011867323325223996
6699	0.00011867323325223996
7615	0.00011867323325223996
4546	0.00011867323325223996
0300	0.00011867323325223996
1259	0.00011867323325223996
6119	0.00011867323325223996
9181	0.00011867323325223996
0003	0.00011867323325223996
1490	0.00011867323325223996
2689	0.00011867323325223996
0314	0.00011867323325223996
7297	0.00011867323325223996
5300	0.00011867323325223996
1078	0.00011867323325223996
4788	0.00011867323325223996
7001	0.00011867323325223996
0969	0.00011867323325223996
0933	0.00011867323325223996
3211	0.00011867323325223996
7895	0.00011867323325223996
6869	0.00011867323325223996
8123	0.00011867323325223996
6581	0.00011867323325223996
1680	0.00011867323325223996
1515	0.00011867323325223996
8489	0.00011867323325223996
1577	0.00011867323325223996
2413	0.00011867323325223996
6720	0.00011867323325223996
1093	0.00011867323325223996
9977	0.00011867323325223996
1676	0.00011867323325223996
4489	0.00011867323325223996
9513	0.00011867323325223996
3312	0.00011867323325223996
7631	0.00011867323325223996
2730	0.00011867323325223996
3988	0.00011867323325223996
0973	0.00011867323325223996
0997	0.00011867323325223996
1196	0.00011867323325223996
2332	0.00011867323325223996
2489	0.00011867323325223996
4993	0.00011867323325223996
5321	0.00011867323325223996
8086	0.00011867323325223996
2534	0.00011867323325223996
0934	0.00011867323325223996
1650	0.00011867323325223996
7640	0.00011867323325223996
5124	0.00011867323325223996
0590	0.00011867323325223996
8812	0.00011867323325223996
2363	0.00011867323325223996
1391	0.00011867323325223996
5993	0.00011867323325223996
5005	0.00011867323325223996
1016	0.00011867323325223996
1476	0.00011867323325223996
1814	0.00011867323325223996
3174	0.00011867323325223996
9630	0.00011867323325223996
5192	0.00011867323325223996
1352	0.00011867323325223996
1092	0.00011867323325223996
1430	0.00011867323325223996
9783	0.00011867323325223996
0614	0.00011867323325223996
8291	0.00011867323325223996
1333	0.00011867323325223996
0008	0.00011867323325223996
7111	0.00011867323325223996
0115	0.00011867323325223996
8185	0.00011867323325223996
0983	0.00011867323325223996
2902	0.00011867323325223996
1599	0.00011867323325223996
3489	0.00011867323325223996
1285	0.00011867323325223996
0494	0.00011867323325223996
8591	0.00011867323325223996
3296	0.00011867323325223996
8797	0.00011867323325223996
1549	0.00011867323325223996
4591	0.00011867323325223996
2929	0.00011867323325223996
1648	0.00011867323325223996
3366	0.00011867323325223996
8710	0.00011867323325223996
1494	0.00011867323325223996
1760	0.00011867323325223996
4695	0.00011867323325223996
5500	0.00011867323325223996
1119	0.00011867323325223996
4790	0.00011867323325223996
1046	0.00011867323325223996
0820	0.00011867323325223996
3589	0.00011867323325223996
9275	0.00011867323325223996
9990	0.00011867323325223996
6783	0.00011867323325223996
4430	0.00011867323325223996
6800	0.00011867323325223996
5623	0.00011867323325223996
1147	0.00011867323325223996
1475	0.00011867323325223996
3168	0.00011867323325223996
5012	0.00011867323325223996
2728	0.00011867323325223996
4799	0.00011867323325223996
8794	0.00011867323325223996
3298	0.00011867323325223996
8896	0.00011867323325223996
2705	0.00011867323325223996
5010	0.00011867323325223996
4633	0.00011867323325223996
7990	0.00011867323325223996
1493	0.00011867323325223996
2563	0.00011867323325223996
7987	0.00011867323325223996
3400	0.00011867323325223996
8388	0.00011867323325223996
2579	0.00011867323325223996
7497	0.00011867323325223996
2221	0.00011867323325223996
4994	0.00011867323325223996
1556	0.00011867323325223996
1687	0.00011867323325223996
9388	0.00011867323325223996
5991	0.00011867323325223996
3734	0.00011867323325223996
3301	0.00011867323325223996
2526	0.00011867323325223996
8090	0.00011867323325223996
0020	0.00011867323325223996
1378	0.00011867323325223996
9057	0.00011867323325223996
0234	0.00011867323325223996
7387	0.00011867323325223996
1825	0.00011867323325223996
9083	0.00011867323325223996
0790	0.00011867323325223996
3690	0.00011867323325223996
1044	0.00011867323325223996
4440	0.00011867323325223996
2186	0.00011867323325223996
3394	0.00011867323325223996
2357	0.00011867323325223996
1862	0.00011867323325223996
2591	0.00011867323325223996
0060	0.00011867323325223996
2741	0.00011867323325223996
1529	0.00011867323325223996
2256	0.00011867323325223996
1298	0.00011867323325223996
9495	0.00011867323325223996
4826	0.00011867323325223996
6761	0.00011867323325223996
0237	0.00011867323325223996
4123	0.00011867323325223996
9193	0.00011867323325223996
0158	0.00011867323325223996
0032	0.00011867323325223996
8912	0.00011867323325223996
9189	0.00011867323325223996
2387	0.00011867323325223996
9875	0.00011867323325223996
4466	0.00011867323325223996
1617	0.00011867323325223996
8389	0.00011867323325223996
2217	0.00011867323325223996
5589	0.00011867323325223996
5507	0.00011867323325223996
1747	0.00011867323325223996
1187	0.00011867323325223996
0962	0.00011867323325223996
1691	0.00011867323325223996
6785	0.00011867323325223996
6131	0.00011867323325223996
1224	0.00011867323325223996
3241	0.00011867323325223996
1249	0.00011867323325223996
2290	0.00011867323325223996
2190	0.00011867323325223996
1079	0.00011867323325223996
7070	0.00011867323325223996
4323	0.00011867323325223996
3212	0.00011867323325223996
1059	0.00011867323325223996
6610	0.00011867323325223996
1327	0.00011867323325223996
8523	0.00011867323325223996
7313	0.00011867323325223996
1492	0.00011867323325223996
7755	0.00011867323325223996
0022	0.00011867323325223996
2381	0.00011867323325223996
2324	0.00011867323325223996
9596	0.00011867323325223996
2987	0.00011867323325223996
0021	0.00011867323325223996
1350	0.00011867323325223996
3892	0.00011867323325223996
0374	0.00011867323325223996
2991	0.00011867323325223996
1135	0.00011867323325223996
0219	0.00011867323325223996
0043	0.00011867323325223996
5512	0.00011867323325223996
1272	0.00011867323325223996
7689	0.00011867323325223996
5544	0.00011867323325223996
9405	0.00011867323325223996
0034	0.00011867323325223996
0009	0.00011867323325223996
9790	0.00011867323325223996
6899	0.00011867323325223996
0995	0.00011867323325223996
6543	0.00011867323325223996
8462	0.00011867323325223996
1889	0.00011867323325223996
1145	0.00011867323325223996
2277	0.00011867323325223996
2231	0.00011867323325223996
3384	0.00011867323325223996
7411	0.00011867323325223996
3536	0.00011867323325223996
0926	0.00011867323325223996
1565	0.00011867323325223996
8186	0.00011867323325223996
6670	0.00011867323325223996
1526	0.00011867323325223996
1115	0.00011867323325223996
5835	0.00011867323325223996
8624	0.00011867323325223996
3102	0.00011867323325223996
6986	0.00011867323325223996
6991	0.00011867323325223996
4500	0.00011867323325223996
1728	0.00011867323325223996
1886	0.00011867323325223996
1573	0.00011867323325223996
2288	0.00011867323325223996
2279	0.00011867323325223996
4437	0.00011867323325223996
0979	0.00011867323325223996
8487	0.00011867323325223996
8878	0.00011867323325223996
0938	0.00011867323325223996
1257	0.00011867323325223996
8189	0.00011867323325223996
5886	0.00011867323325223996
0817	0.00011867323325223996
1833	0.00011867323325223996
9500	0.00011867323325223996
5959	0.00011867323325223996
9087	0.00011867323325223996
8310	0.00011867323325223996
9991	0.00011867323325223996
0589	0.00011867323325223996
8790	0.00011867323325223996
9084	0.00011867323325223996
8118	0.00011867323325223996
0782	0.00011867323325223996
9512	0.00011867323325223996
6584	0.00011867323325223996
7124	0.00011867323325223996
0582	0.00011867323325223996
5492	0.00011867323325223996
2126	0.00011867323325223996
8490	0.00011867323325223996
1319	0.00011867323325223996
2675	0.00011867323325223996
0936	0.00011867323325223996
2488	0.00011867323325223996
6545	0.00011867323325223996
2699	0.00011867323325223996
9871	0.00011867323325223996
0379	0.00011867323325223996
5890	0.00011867323325223996
7784	0.00011867323325223996
1689	0.00011867323325223996
5464	0.00011867323325223996
0320	0.00011867323325223996
7785	0.00011867323325223996
2715	0.00011867323325223996
4656	0.00011867323325223996
4562	0.00011867323325223996
0281	0.00011867323325223996
8328	0.00011867323325223996
6692	0.00011867323325223996
8642	0.00011867323325223996
5123	0.00011867323325223996
2386	0.00011867323325223996
0985	0.00011867323325223996
1060	0.00011867323325223996
4590	0.00011867323325223996
7984	0.00011867323325223996
5898	0.00011867323325223996
8639	0.00011867323325223996
2113	0.00011867323325223996
2538	0.00011867323325223996
7595	0.00011867323325223996
0717	0.00011867323325223996
1594	0.00011867323325223996
9902	0.00011867323325223996
8721	0.00011867323325223996
1217	0.00011867323325223996
1330	0.00011867323325223996
6810	0.00011867323325223996
0425	0.00011867323325223996
0971	0.00011867323325223996
1530	0.00011867323325223996
5791	0.00011867323325223996
2527	0.00011867323325223996
0070	0.00011867323325223996
1323	0.00011867323325223996
1428	0.00011867323325223996
2959	0.00011867323325223996
8998	0.00011867323325223996
0005	0.00011867323325223996
4680	0.00011867323325223996
3259	0.00011867323325223996
3893	0.00011867323325223996
1419	0.00011867323325223996
8668	0.00011867323325223996
1365	0.00011867323325223996
6415	0.00011867323325223996
2389	0.00011867323325223996
4000	0.00011867323325223996
9012	0.00011867323325223996
1170	0.00011867323325223996
8612	0.00011867323325223996
0922	0.00011867323325223996
4770	0.00011867323325223996
5996	0.00011867323325223996
0226	0.00011867323325223996
9688	0.00011867323325223996
9620	0.00011867323325223996
8691	0.00011867323325223996
5577	0.00011867323325223996
4569	0.00011867323325223996
3216	0.00011867323325223996
4820	0.00011867323325223996
5252	0.00011867323325223996
9686	0.00011867323325223996
8456	0.00011867323325223996
3292	0.00011867323325223996
1181	0.00011867323325223996
0981	0.00011867323325223996
0531	0.00011867323325223996
1392	0.00011867323325223996
7868	5.933661662611998e-05
3852	5.933661662611998e-05
6632	5.933661662611998e-05
9335	5.933661662611998e-05
9537	5.933661662611998e-05
1488	5.933661662611998e-05
8030	5.933661662611998e-05
7806	5.933661662611998e-05
1624	5.933661662611998e-05
5787	5.933661662611998e-05
9788	5.933661662611998e-05
7776	5.933661662611998e-05
2683	5.933661662611998e-05
0719	5.933661662611998e-05
4543	5.933661662611998e-05
2821	5.933661662611998e-05
0598	5.933661662611998e-05
9985	5.933661662611998e-05
7168	5.933661662611998e-05
8085	5.933661662611998e-05
8917	5.933661662611998e-05
2179	5.933661662611998e-05
8088	5.933661662611998e-05
4301	5.933661662611998e-05
8758	5.933661662611998e-05
8117	5.933661662611998e-05
7174	5.933661662611998e-05
9586	5.933661662611998e-05
3347	5.933661662611998e-05
1570	5.933661662611998e-05
2423	5.933661662611998e-05
3683	5.933661662611998e-05
5488	5.933661662611998e-05
3401	5.933661662611998e-05
5521	5.933661662611998e-05
6786	5.933661662611998e-05
0513	5.933661662611998e-05
9794	5.933661662611998e-05
0363	5.933661662611998e-05
7602	5.933661662611998e-05
7888	5.933661662611998e-05
5499	5.933661662611998e-05
3379	5.933661662611998e-05
4125	5.933661662611998e-05
8780	5.933661662611998e-05
6500	5.933661662611998e-05
4785	5.933661662611998e-05
3555	5.933661662611998e-05
2188	5.933661662611998e-05
0056	5.933661662611998e-05
1880	5.933661662611998e-05
2369	5.933661662611998e-05
1237	5.933661662611998e-05
5882	5.933661662611998e-05
6209	5.933661662611998e-05
0581	5.933661662611998e-05
3997	5.933661662611998e-05
2900	5.933661662611998e-05
6001	5.933661662611998e-05
6320	5.933661662611998e-05
4048	5.933661662611998e-05
0292	5.933661662611998e-05
8803	5.933661662611998e-05
8282	5.933661662611998e-05
2223	5.933661662611998e-05
6694	5.933661662611998e-05
9089	5.933661662611998e-05
4611	5.933661662611998e-05
8448	5.933661662611998e-05
8973	5.933661662611998e-05
5490	5.933661662611998e-05
2891	5.933661662611998e-05
5859	5.933661662611998e-05
3377	5.933661662611998e-05
8956	5.933661662611998e-05
6763	5.933661662611998e-05
5483	5.933661662611998e-05
4646	5.933661662611998e-05
4344	5.933661662611998e-05
1860	5.933661662611998e-05
1467	5.933661662611998e-05
4453	5.933661662611998e-05
0016	5.933661662611998e-05
5210	5.933661662611998e-05
4595	5.933661662611998e-05
0187	5.933661662611998e-05
7474	5.933661662611998e-05
8191	5.933661662611998e-05
3738	5.933661662611998e-05
0954	5.933661662611998e-05
6790	5.933661662611998e-05
9526	5.933661662611998e-05
5384	5.933661662611998e-05
3447	5.933661662611998e-05
5966	5.933661662611998e-05
3781	5.933661662611998e-05
6193	5.933661662611998e-05
5200	5.933661662611998e-05
8830	5.933661662611998e-05
5496	5.933661662611998e-05
2788	5.933661662611998e-05
6123	5.933661662611998e-05
1127	5.933661662611998e-05
4187	5.933661662611998e-05
6589	5.933661662611998e-05
8182	5.933661662611998e-05
8497	5.933661662611998e-05
2736	5.933661662611998e-05
6420	5.933661662611998e-05
0055	5.933661662611998e-05
0921	5.933661662611998e-05
2494	5.933661662611998e-05
2787	5.933661662611998e-05
0798	5.933661662611998e-05
0215	5.933661662611998e-05
9004	5.933661662611998e-05
3015	5.933661662611998e-05
4675	5.933661662611998e-05
6313	5.933661662611998e-05
8699	5.933661662611998e-05
9174	5.933661662611998e-05
0580	5.933661662611998e-05
7592	5.933661662611998e-05
1291	5.933661662611998e-05
0769	5.933661662611998e-05
4956	5.933661662611998e-05
5667	5.933661662611998e-05
8779	5.933661662611998e-05
6089	5.933661662611998e-05
2871	5.933661662611998e-05
3190	5.933661662611998e-05
7672	5.933661662611998e-05
2887	5.933661662611998e-05
5233	5.933661662611998e-05
6781	5.933661662611998e-05
6211	5.933661662611998e-05
6233	5.933661662611998e-05
1535	5.933661662611998e-05
9800	5.933661662611998e-05
9408	5.933661662611998e-05
2520	5.933661662611998e-05
6605	5.933661662611998e-05
9191	5.933661662611998e-05
8171	5.933661662611998e-05
6488	5.933661662611998e-05
8545	5.933661662611998e-05
4012	5.933661662611998e-05
0199	5.933661662611998e-05
7030	5.933661662611998e-05
5759	5.933661662611998e-05
8479	5.933661662611998e-05
0217	5.933661662611998e-05
7747	5.933661662611998e-05
6977	5.933661662611998e-05
8784	5.933661662611998e-05
8877	5.933661662611998e-05
1175	5.933661662611998e-05
2384	5.933661662611998e-05
4599	5.933661662611998e-05
2400	5.933661662611998e-05
9824	5.933661662611998e-05
0565	5.933661662611998e-05
0178	5.933661662611998e-05
1166	5.933661662611998e-05
3129	5.933661662611998e-05
6327	5.933661662611998e-05
8412	5.933661662611998e-05
7326	5.933661662611998e-05
7953	5.933661662611998e-05
1152	5.933661662611998e-05
1447	5.933661662611998e-05
9892	5.933661662611998e-05
6210	5.933661662611998e-05
2955	5.933661662611998e-05
9010	5.933661662611998e-05
1427	5.933661662611998e-05
2429	5.933661662611998e-05
9809	5.933661662611998e-05
9715	5.933661662611998e-05
6611	5.933661662611998e-05
3363	5.933661662611998e-05
8685	5.933661662611998e-05
3294	5.933661662611998e-05
8930	5.933661662611998e-05
3590	5.933661662611998e-05
4613	5.933661662611998e-05
8599	5.933661662611998e-05
3399	5.933661662611998e-05
9890	5.933661662611998e-05
8255	5.933661662611998e-05
6491	5.933661662611998e-05
4793	5.933661662611998e-05
1500	5.933661662611998e-05
4031	5.933661662611998e-05
6700	5.933661662611998e-05
5181	5.933661662611998e-05
8588	5.933661662611998e-05
6931	5.933661662611998e-05
8801	5.933661662611998e-05
9068	5.933661662611998e-05
8977	5.933661662611998e-05
5800	5.933661662611998e-05
0880	5.933661662611998e-05
4516	5.933661662611998e-05
3144	5.933661662611998e-05
3901	5.933661662611998e-05
1627	5.933661662611998e-05
2517	5.933661662611998e-05
0718	5.933661662611998e-05
6989	5.933661662611998e-05
8006	5.933661662611998e-05
8583	5.933661662611998e-05
3218	5.933661662611998e-05
7665	5.933661662611998e-05
1729	5.933661662611998e-05
5897	5.933661662611998e-05
4968	5.933661662611998e-05
1514	5.933661662611998e-05
5992	5.933661662611998e-05
7435	5.933661662611998e-05
2574	5.933661662611998e-05
1548	5.933661662611998e-05
3593	5.933661662611998e-05
9386	5.933661662611998e-05
1576	5.933661662611998e-05
0230	5.933661662611998e-05
2713	5.933661662611998e-05
0248	5.933661662611998e-05
1536	5.933661662611998e-05
8253	5.933661662611998e-05
9883	5.933661662611998e-05
9319	5.933661662611998e-05
1255	5.933661662611998e-05
1278	5.933661662611998e-05
1668	5.933661662611998e-05
3517	5.933661662611998e-05
1613	5.933661662611998e-05
9021	5.933661662611998e-05
7925	5.933661662611998e-05
1716	5.933661662611998e-05
0856	5.933661662611998e-05
6307	5.933661662611998e-05
2682	5.933661662611998e-05
9908	5.933661662611998e-05
8690	5.933661662611998e-05
5562	5.933661662611998e-05
2487	5.933661662611998e-05
7153	5.933661662611998e-05
4885	5.933661662611998e-05
9654	5.933661662611998e-05
5303	5.933661662611998e-05
5296	5.933661662611998e-05
1049	5.933661662611998e-05
1454	5.933661662611998e-05
0186	5.933661662611998e-05
0291	5.933661662611998e-05
6769	5.933661662611998e-05
1315	5.933661662611998e-05
9786	5.933661662611998e-05
5130	5.933661662611998e-05
3226	5.933661662611998e-05
2416	5.933661662611998e-05
4349	5.933661662611998e-05
8501	5.933661662611998e-05
5475	5.933661662611998e-05
7325	5.933661662611998e-05
1756	5.933661662611998e-05
1856	5.933661662611998e-05
5613	5.933661662611998e-05
9789	5.933661662611998e-05
7793	5.933661662611998e-05
2129	5.933661662611998e-05
8250	5.933661662611998e-05
0974	5.933661662611998e-05
7089	5.933661662611998e-05
5657	5.933661662611998e-05
6696	5.933661662611998e-05
4759	5.933661662611998e-05
7101	5.933661662611998e-05
6120	5.933661662611998e-05
7715	5.933661662611998e-05
5795	5.933661662611998e-05
9074	5.933661662611998e-05
8402	5.933661662611998e-05
6066	5.933661662611998e-05
1457	5.933661662611998e-05
4105	5.933661662611998e-05
4991	5.933661662611998e-05
7744	5.933661662611998e-05
5456	5.933661662611998e-05
9373	5.933661662611998e-05
7775	5.933661662611998e-05
5434	5.933661662611998e-05
3020	5.933661662611998e-05
7133	5.933661662611998e-05
3689	5.933661662611998e-05
7677	5.933661662611998e-05
3720	5.933661662611998e-05
1384	5.933661662611998e-05
3588	5.933661662611998e-05
5274	5.933661662611998e-05
0964	5.933661662611998e-05
3711	5.933661662611998e-05
9449	5.933661662611998e-05
7679	5.933661662611998e-05
0691	5.933661662611998e-05
0947	5.933661662611998e-05
0100	5.933661662611998e-05
1521	5.933661662611998e-05
9870	5.933661662611998e-05
4689	5.933661662611998e-05
9921	5.933661662611998e-05
0951	5.933661662611998e-05
8397	5.933661662611998e-05
0191	5.933661662611998e-05
5495	5.933661662611998e-05
6324	5.933661662611998e-05
1169	5.933661662611998e-05
1516	5.933661662611998e-05
0116	5.933661662611998e-05
5676	5.933661662611998e-05
8894	5.933661662611998e-05
8511	5.933661662611998e-05
2724	5.933661662611998e-05
7710	5.933661662611998e-05
2235	5.933661662611998e-05
4333	5.933661662611998e-05
2895	5.933661662611998e-05
1334	5.933661662611998e-05
3624	5.933661662611998e-05
7743	5.933661662611998e-05
3696	5.933661662611998e-05
1653	5.933661662611998e-05
0888	5.933661662611998e-05
9332	5.933661662611998e-05
8330	5.933661662611998e-05
1178	5.933661662611998e-05
2541	5.933661662611998e-05
6401	5.933661662611998e-05
6845	5.933661662611998e-05
9705	5.933661662611998e-05
6569	5.933661662611998e-05
0830	5.933661662611998e-05
5311	5.933661662611998e-05
1718	5.933661662611998e-05
3829	5.933661662611998e-05
4988	5.933661662611998e-05
3355	5.933661662611998e-05
2826	5.933661662611998e-05
9479	5.933661662611998e-05
5450	5.933661662611998e-05
6292	5.933661662611998e-05
6634	5.933661662611998e-05
7012	5.933661662611998e-05
1381	5.933661662611998e-05
9114	5.933661662611998e-05
9304	5.933661662611998e-05
6990	5.933661662611998e-05
8082	5.933661662611998e-05
9767	5.933661662611998e-05
3308	5.933661662611998e-05
9480	5.933661662611998e-05
7625	5.933661662611998e-05
1547	5.933661662611998e-05
1041	5.933661662611998e-05
3017	5.933661662611998e-05
1283	5.933661662611998e-05
4554	5.933661662611998e-05
0620	5.933661662611998e-05
4115	5.933661662611998e-05
6462	5.933661662611998e-05
3127	5.933661662611998e-05
8338	5.933661662611998e-05
5266	5.933661662611998e-05
1726	5.933661662611998e-05
0141	5.933661662611998e-05
3288	5.933661662611998e-05
4412	5.933661662611998e-05
1522	5.933661662611998e-05
2420	5.933661662611998e-05
9837	5.933661662611998e-05
5717	5.933661662611998e-05
2942	5.933661662611998e-05
3261	5.933661662611998e-05
3993	5.933661662611998e-05
6981	5.933661662611998e-05
8532	5.933661662611998e-05
0852	5.933661662611998e-05
4157	5.933661662611998e-05
0148	5.933661662611998e-05
6220	5.933661662611998e-05
2814	5.933661662611998e-05
1667	5.933661662611998e-05
6319	5.933661662611998e-05
1416	5.933661662611998e-05
9110	5.933661662611998e-05
1746	5.933661662611998e-05
4699	5.933661662611998e-05
8491	5.933661662611998e-05
8230	5.933661662611998e-05
3128	5.933661662611998e-05
6590	5.933661662611998e-05
6680	5.933661662611998e-05
1062	5.933661662611998e-05
0967	5.933661662611998e-05
0023	5.933661662611998e-05
7893	5.933661662611998e-05
2476	5.933661662611998e-05
9594	5.933661662611998e-05
4050	5.933661662611998e-05
3840	5.933661662611998e-05
9437	5.933661662611998e-05
5151	5.933661662611998e-05
3041	5.933661662611998e-05
4669	5.933661662611998e-05
1370	5.933661662611998e-05
4416	5.933661662611998e-05
3195	5.933661662611998e-05
6597	5.933661662611998e-05
3694	5.933661662611998e-05
9324	5.933661662611998e-05
0298	5.933661662611998e-05
9213	5.933661662611998e-05
0791	5.933661662611998e-05
1739	5.933661662611998e-05
9163	5.933661662611998e-05
7920	5.933661662611998e-05
7860	5.933661662611998e-05
0573	5.933661662611998e-05
4193	5.933661662611998e-05
0013	5.933661662611998e-05
3326	5.933661662611998e-05
2490	5.933661662611998e-05
0588	5.933661662611998e-05
1252	5.933661662611998e-05
2880	5.933661662611998e-05
8677	5.933661662611998e-05
3935	5.933661662611998e-05
5310	5.933661662611998e-05
5611	5.933661662611998e-05
0594	5.933661662611998e-05
7911	5.933661662611998e-05
6866	5.933661662611998e-05
1683	5.933661662611998e-05
8825	5.933661662611998e-05
9321	5.933661662611998e-05
8609	5.933661662611998e-05
2548	5.933661662611998e-05
5361	5.933661662611998e-05
6577	5.933661662611998e-05
6258	5.933661662611998e-05
9196	5.933661662611998e-05
1472	5.933661662611998e-05
7250	5.933661662611998e-05
6885	5.933661662611998e-05
0567	5.933661662611998e-05
1349	5.933661662611998e-05
3157	5.933661662611998e-05
3300	5.933661662611998e-05
0890	5.933661662611998e-05
7767	5.933661662611998e-05
6125	5.933661662611998e-05
5556	5.933661662611998e-05
0562	5.933661662611998e-05
1666	5.933661662611998e-05
9731	5.933661662611998e-05
7500	5.933661662611998e-05
2832	5.933661662611998e-05
3023	5.933661662611998e-05
8137	5.933661662611998e-05
1264	5.933661662611998e-05
9593	5.933661662611998e-05
8651	5.933661662611998e-05
7418	5.933661662611998e-05
7873	5.933661662611998e-05
2885	5.933661662611998e-05
3032	5.933661662611998e-05
2432	5.933661662611998e-05
9310	5.933661662611998e-05
9187	5.933661662611998e-05
8002	5.933661662611998e-05
7213	5.933661662611998e-05
1173	5.933661662611998e-05
1600	5.933661662611998e-05
5693	5.933661662611998e-05
0725	5.933661662611998e-05
6798	5.933661662611998e-05
7197	5.933661662611998e-05
5265	5.933661662611998e-05
4648	5.933661662611998e-05
4272	5.933661662611998e-05
7127	5.933661662611998e-05
1786	5.933661662611998e-05
4422	5.933661662611998e-05
7490	5.933661662611998e-05
2939	5.933661662611998e-05
7420	5.933661662611998e-05
1287	5.933661662611998e-05
2263	5.933661662611998e-05
8595	5.933661662611998e-05
8648	5.933661662611998e-05
5415	5.933661662611998e-05
8987	5.933661662611998e-05
4575	5.933661662611998e-05
8579	5.933661662611998e-05
9129	5.933661662611998e-05
8084	5.933661662611998e-05
5330	5.933661662611998e-05
6468	5.933661662611998e-05
2664	5.933661662611998e-05
2783	5.933661662611998e-05
0094	5.933661662611998e-05
5504	5.933661662611998e-05
0900	5.933661662611998e-05
4992	5.933661662611998e-05
9756	5.933661662611998e-05
8274	5.933661662611998e-05
9308	5.933661662611998e-05
9591	5.933661662611998e-05
6953	5.933661662611998e-05
1339	5.933661662611998e-05
2822	5.933661662611998e-05
9210	5.933661662611998e-05
4848	5.933661662611998e-05
2914	5.933661662611998e-05
4201	5.933661662611998e-05
2638	5.933661662611998e-05
5001	5.933661662611998e-05
7713	5.933661662611998e-05
2287	5.933661662611998e-05
8705	5.933661662611998e-05
9432	5.933661662611998e-05
0550	5.933661662611998e-05
4242	5.933661662611998e-05
2937	5.933661662611998e-05
3231	5.933661662611998e-05
9972	5.933661662611998e-05
0317	5.933661662611998e-05
9289	5.933661662611998e-05
1266	5.933661662611998e-05
2965	5.933661662611998e-05
9940	5.933661662611998e-05
5516	5.933661662611998e-05
8754	5.933661662611998e-05
1725	5.933661662611998e-05
8179	5.933661662611998e-05
8391	5.933661662611998e-05
3586	5.933661662611998e-05
4691	5.933661662611998e-05
5209	5.933661662611998e-05
6208	5.933661662611998e-05
8572	5.933661662611998e-05
2691	5.933661662611998e-05
1471	5.933661662611998e-05
0382	5.933661662611998e-05
1685	5.933661662611998e-05
6862	5.933661662611998e-05
1633	5.933661662611998e-05
1247	5.933661662611998e-05
1554	5.933661662611998e-05
0357	5.933661662611998e-05
7659	5.933661662611998e-05
5189	5.933661662611998e-05
3393	5.933661662611998e-05
7804	5.933661662611998e-05
6369	5.933661662611998e-05
5185	5.933661662611998e-05
6479	5.933661662611998e-05
6363	5.933661662611998e-05
8289	5.933661662611998e-05
5933	5.933661662611998e-05
3375	5.933661662611998e-05
9993	5.933661662611998e-05
3014	5.933661662611998e-05
5995	5.933661662611998e-05
7722	5.933661662611998e-05
4495	5.933661662611998e-05
0569	5.933661662611998e-05
6502	5.933661662611998e-05
4587	5.933661662611998e-05
7288	5.933661662611998e-05
9696	5.933661662611998e-05
8183	5.933661662611998e-05
1294	5.933661662611998e-05
6219	5.933661662611998e-05
9677	5.933661662611998e-05
3443	5.933661662611998e-05
3534	5.933661662611998e-05
3220	5.933661662611998e-05
6397	5.933661662611998e-05
2654	5.933661662611998e-05
9062	5.933661662611998e-05
5629	5.933661662611998e-05
9962	5.933661662611998e-05
6091	5.933661662611998e-05
5586	5.933661662611998e-05
4324	5.933661662611998e-05
9791	5.933661662611998e-05
0621	5.933661662611998e-05
1393	5.933661662611998e-05
7896	5.933661662611998e-05
3434	5.933661662611998e-05
1643	5.933661662611998e-05
2558	5.933661662611998e-05
3579	5.933661662611998e-05
6607	5.933661662611998e-05
4154	5.933661662611998e-05
9264	5.933661662611998e-05
5317	5.933661662611998e-05
1586	5.933661662611998e-05
8993	5.933661662611998e-05
2655	5.933661662611998e-05
2764	5.933661662611998e-05
4438	5.933661662611998e-05
5120	5.933661662611998e-05
7585	5.933661662611998e-05
7794	5.933661662611998e-05
0946	5.933661662611998e-05
2889	5.933661662611998e-05
8926	5.933661662611998e-05
1513	5.933661662611998e-05
7820	5.933661662611998e-05
7469	5.933661662611998e-05
4251	5.933661662611998e-05
9392	5.933661662611998e-05
5309	5.933661662611998e-05
8320	5.933661662611998e-05
4682	5.933661662611998e-05
1798	5.933661662611998e-05
5442	5.933661662611998e-05
6351	5.933661662611998e-05
6390	5.933661662611998e-05
6213	5.933661662611998e-05
2157	5.933661662611998e-05
0819	5.933661662611998e-05
8835	5.933661662611998e-05
8662	5.933661662611998e-05
6683	5.933661662611998e-05
3338	5.933661662611998e-05
5703	5.933661662611998e-05
7905	5.933661662611998e-05
3199	5.933661662611998e-05
2687	5.933661662611998e-05
1719	5.933661662611998e-05
0326	5.933661662611998e-05
1722	5.933661662611998e-05
7623	5.933661662611998e-05
8717	5.933661662611998e-05
6649	5.933661662611998e-05
2370	5.933661662611998e-05
5666	5.933661662611998e-05
1568	5.933661662611998e-05
9848	5.933661662611998e-05
5999	5.933661662611998e-05
3526	5.933661662611998e-05
2663	5.933661662611998e-05
3848	5.933661662611998e-05
5632	5.933661662611998e-05
7262	5.933661662611998e-05
3316	5.933661662611998e-05
7251	5.933661662611998e-05
2815	5.933661662611998e-05
1585	5.933661662611998e-05
2583	5.933661662611998e-05
8116	5.933661662611998e-05
2137	5.933661662611998e-05
1885	5.933661662611998e-05
1171	5.933661662611998e-05
2376	5.933661662611998e-05
2553	5.933661662611998e-05
3500	5.933661662611998e-05
0078	5.933661662611998e-05
7199	5.933661662611998e-05
4236	5.933661662611998e-05
5291	5.933661662611998e-05
1888	5.933661662611998e-05
9145	5.933661662611998e-05
8805	5.933661662611998e-05
4625	5.933661662611998e-05
1714	5.933661662611998e-05
7269	5.933661662611998e-05
4443	5.933661662611998e-05
9092	5.933661662611998e-05
5111	5.933661662611998e-05
9541	5.933661662611998e-05
2897	5.933661662611998e-05
8299	5.933661662611998e-05
8847	5.933661662611998e-05
2972	5.933661662611998e-05
6188	5.933661662611998e-05
2230	5.933661662611998e-05
3768	5.933661662611998e-05
2329	5.933661662611998e-05
0196	5.933661662611998e-05
9611	5.933661662611998e-05
3311	5.933661662611998e-05
5292	5.933661662611998e-05
5400	5.933661662611998e-05
7718	5.933661662611998e-05
5572	5.933661662611998e-05
7038	5.933661662611998e-05
2383	5.933661662611998e-05
0285	5.933661662611998e-05
6681	5.933661662611998e-05
3303	5.933661662611998e-05
0484	5.933661662611998e-05
8703	5.933661662611998e-05
3986	5.933661662611998e-05
8262	5.933661662611998e-05
5263	5.933661662611998e-05
8121	5.933661662611998e-05
2576	5.933661662611998e-05
9229	5.933661662611998e-05
9992	5.933661662611998e-05
9005	5.933661662611998e-05
7899	5.933661662611998e-05
1154	5.933661662611998e-05
3737	5.933661662611998e-05
2124	5.933661662611998e-05
7871	5.933661662611998e-05
5196	5.933661662611998e-05
1117	5.933661662611998e-05
9188	5.933661662611998e-05
7792	5.933661662611998e-05
0427	5.933661662611998e-05
5468	5.933661662611998e-05
7167	5.933661662611998e-05
8552	5.933661662611998e-05
2766	5.933661662611998e-05
1018	5.933661662611998e-05
5452	5.933661662611998e-05
9811	5.933661662611998e-05
2839	5.933661662611998e-05
2850	5.933661662611998e-05
0089	5.933661662611998e-05
4329	5.933661662611998e-05
1820	5.933661662611998e-05
6142	5.933661662611998e-05
1359	5.933661662611998e-05
2281	5.933661662611998e-05
0423	5.933661662611998e-05
9864	5.933661662611998e-05
6918	5.933661662611998e-05
8869	5.933661662611998e-05
4415	5.933661662611998e-05
8924	5.933661662611998e-05
9200	5.933661662611998e-05
6194	5.933661662611998e-05
1014	5.933661662611998e-05
8593	5.933661662611998e-05
1654	5.933661662611998e-05
8722	5.933661662611998e-05
2395	5.933661662611998e-05
8280	5.933661662611998e-05
1053	5.933661662611998e-05
8995	5.933661662611998e-05
8089	5.933661662611998e-05
4388	5.933661662611998e-05
1840	5.933661662611998e-05
9491	5.933661662611998e-05
0045	5.933661662611998e-05
1441	5.933661662611998e-05
3567	5.933661662611998e-05
2333	5.933661662611998e-05
9314	5.933661662611998e-05
2242	5.933661662611998e-05
8582	5.933661662611998e-05
0942	5.933661662611998e-05
8286	5.933661662611998e-05
6547	5.933661662611998e-05
8321	5.933661662611998e-05
1464	5.933661662611998e-05
5710	5.933661662611998e-05
2425	5.933661662611998e-05
3305	5.933661662611998e-05
4565	5.933661662611998e-05
5153	5.933661662611998e-05
7831	5.933661662611998e-05
3345	5.933661662611998e-05
2145	5.933661662611998e-05
1434	5.933661662611998e-05
1177	5.933661662611998e-05
2442	5.933661662611998e-05
3410	5.933661662611998e-05
7656	5.933661662611998e-05
3973	5.933661662611998e-05
5887	5.933661662611998e-05
7161	5.933661662611998e-05
7853	5.933661662611998e-05
1032	5.933661662611998e-05
5985	5.933661662611998e-05
9780	5.933661662611998e-05
8512	5.933661662611998e-05
6020	5.933661662611998e-05
3664	5.933661662611998e-05
7421	5.933661662611998e-05
7437	5.933661662611998e-05
7582	5.933661662611998e-05
4021	5.933661662611998e-05
5631	5.933661662611998e-05
9011	5.933661662611998e-05
3147	5.933661662611998e-05
4586	5.933661662611998e-05
8546	5.933661662611998e-05
5691	5.933661662611998e-05
6289	5.933661662611998e-05
3018	5.933661662611998e-05
7922	5.933661662611998e-05
3679	5.933661662611998e-05
7100	5.933661662611998e-05
6088	5.933661662611998e-05
9399	5.933661662611998e-05
2714	5.933661662611998e-05
5505	5.933661662611998e-05
7274	5.933661662611998e-05
9410	5.933661662611998e-05
0081	5.933661662611998e-05
0626	5.933661662611998e-05
1639	5.933661662611998e-05
7597	5.933661662611998e-05
7104	5.933661662611998e-05
9120	5.933661662611998e-05
3438	5.933661662611998e-05
8741	5.933661662611998e-05
6311	5.933661662611998e-05
7519	5.933661662611998e-05
7606	5.933661662611998e-05
9100	5.933661662611998e-05
5533	5.933661662611998e-05
3113	5.933661662611998e-05
2142	5.933661662611998e-05
4196	5.933661662611998e-05
5862	5.933661662611998e-05
1679	5.933661662611998e-05
8209	5.933661662611998e-05
3179	5.933661662611998e-05
5945	5.933661662611998e-05
2522	5.933661662611998e-05
9214	5.933661662611998e-05
5868	5.933661662611998e-05
8844	5.933661662611998e-05
3591	5.933661662611998e-05
6771	5.933661662611998e-05
5369	5.933661662611998e-05
0818	5.933661662611998e-05
1185	5.933661662611998e-05
2592	5.933661662611998e-05
1042	5.933661662611998e-05
2843	5.933661662611998e-05
8887	5.933661662611998e-05
3805	5.933661662611998e-05
2586	5.933661662611998e-05
7594	5.933661662611998e-05
1072	5.933661662611998e-05
7578	5.933661662611998e-05
3396	5.933661662611998e-05
5805	5.933661662611998e-05
7790	5.933661662611998e-05
9203	5.933661662611998e-05
0290	5.933661662611998e-05
3647	5.933661662611998e-05
1421	5.933661662611998e-05
2693	5.933661662611998e-05
0555	5.933661662611998e-05
1870	5.933661662611998e-05
8219	5.933661662611998e-05
1524	5.933661662611998e-05
4026	5.933661662611998e-05
2286	5.933661662611998e-05
2634	5.933661662611998e-05
2331	5.933661662611998e-05
7624	5.933661662611998e-05
9285	5.933661662611998e-05
7172	5.933661662611998e-05
3368	5.933661662611998e-05
1114	5.933661662611998e-05
4552	5.933661662611998e-05
1625	5.933661662611998e-05
3065	5.933661662611998e-05
3552	5.933661662611998e-05
3508	5.933661662611998e-05
9094	5.933661662611998e-05
5587	5.933661662611998e-05
6102	5.933661662611998e-05
9377	5.933661662611998e-05
3058	5.933661662611998e-05
8813	5.933661662611998e-05
3491	5.933661662611998e-05
4147	5.933661662611998e-05
1829	5.933661662611998e-05
8293	5.933661662611998e-05
3486	5.933661662611998e-05
5432	5.933661662611998e-05
2225	5.933661662611998e-05
5760	5.933661662611998e-05
0155	5.933661662611998e-05
5145	5.933661662611998e-05
2497	5.933661662611998e-05
9253	5.933661662611998e-05
6608	5.933661662611998e-05
0583	5.933661662611998e-05
6978	5.933661662611998e-05
2772	5.933661662611998e-05
0617	5.933661662611998e-05
3037	5.933661662611998e-05
7010	5.933661662611998e-05
0660	5.933661662611998e-05
2954	5.933661662611998e-05
1519	5.933661662611998e-05
8195	5.933661662611998e-05
9197	5.933661662611998e-05
1896	5.933661662611998e-05
5425	5.933661662611998e-05
0024	5.933661662611998e-05
6691	5.933661662611998e-05
7632	5.933661662611998e-05
0729	5.933661662611998e-05
7241	5.933661662611998e-05
7733	5.933661662611998e-05
4989	5.933661662611998e-05
9795	5.933661662611998e-05
8378	5.933661662611998e-05
7515	5.933661662611998e-05
1082	5.933661662611998e-05
8092	5.933661662611998e-05
0554	5.933661662611998e-05
3243	5.933661662611998e-05
2833	5.933661662611998e-05
8984	5.933661662611998e-05
7898	5.933661662611998e-05
6407	5.933661662611998e-05
2151	5.933661662611998e-05
2435	5.933661662611998e-05
2795	5.933661662611998e-05
6938	5.933661662611998e-05
2371	5.933661662611998e-05
0884	5.933661662611998e-05
7647	5.933661662611998e-05
9556	5.933661662611998e-05
3121	5.933661662611998e-05
6928	5.933661662611998e-05
8879	5.933661662611998e-05
0349	5.933661662611998e-05
6544	5.933661662611998e-05
2680	5.933661662611998e-05
0079	5.933661662611998e-05
2390	5.933661662611998e-05
8414	5.933661662611998e-05
1394	5.933661662611998e-05
2169	5.933661662611998e-05
1216	5.933661662611998e-05
3079	5.933661662611998e-05
8238	5.933661662611998e-05
2227	5.933661662611998e-05
0293	5.933661662611998e-05
5251	5.933661662611998e-05
5698	5.933661662611998e-05
7392	5.933661662611998e-05
2851	5.933661662611998e-05
1720	5.933661662611998e-05
5203	5.933661662611998e-05
6624	5.933661662611998e-05
8493	5.933661662611998e-05
0323	5.933661662611998e-05
0944	5.933661662611998e-05
5204	5.933661662611998e-05
8913	5.933661662611998e-05
4563	5.933661662611998e-05
4947	5.933661662611998e-05
7852	5.933661662611998e-05
0475	5.933661662611998e-05
4287	5.933661662611998e-05
4929	5.933661662611998e-05
5036	5.933661662611998e-05
1399	5.933661662611998e-05
9665	5.933661662611998e-05
5511	5.933661662611998e-05
7482	5.933661662611998e-05
2884	5.933661662611998e-05
9857	5.933661662611998e-05
4129	5.933661662611998e-05
1487	5.933661662611998e-05
1897	5.933661662611998e-05
7315	5.933661662611998e-05
1054	5.933661662611998e-05
9926	5.933661662611998e-05
9916	5.933661662611998e-05
0087	5.933661662611998e-05
4912	5.933661662611998e-05
1244	5.933661662611998e-05
2828	5.933661662611998e-05
5564	5.933661662611998e-05
7588	5.933661662611998e-05
6656	5.933661662611998e-05
3985	5.933661662611998e-05
2247	5.933661662611998e-05
4211	5.933661662611998e-05
9176	5.933661662611998e-05
3051	5.933661662611998e-05
6623	5.933661662611998e-05
9506	5.933661662611998e-05
2495	5.933661662611998e-05
2837	5.933661662611998e-05
9919	5.933661662611998e-05
2528	5.933661662611998e-05
3718	5.933661662611998e-05
7412	5.933661662611998e-05
9698	5.933661662611998e-05
0198	5.933661662611998e-05
8914	5.933661662611998e-05
8114	5.933661662611998e-05
5390	5.933661662611998e-05
2417	5.933661662611998e-05
0069	5.933661662611998e-05
2189	5.933661662611998e-05
8919	5.933661662611998e-05
9817	5.933661662611998e-05
7746	5.933661662611998e-05
1486	5.933661662611998e-05
8210	5.933661662611998e-05
9101	5.933661662611998e-05
9980	5.933661662611998e-05
3898	5.933661662611998e-05
4687	5.933661662611998e-05
5242	5.933661662611998e-05
8010	5.933661662611998e-05
7078	5.933661662611998e-05
1817	5.933661662611998e-05
8464	5.933661662611998e-05
8277	5.933661662611998e-05
9925	5.933661662611998e-05
2989	5.933661662611998e-05
7982	5.933661662611998e-05
0127	5.933661662611998e-05
8427	5.933661662611998e-05
9829	5.933661662611998e-05
2581	5.933661662611998e-05
8194	5.933661662611998e-05
3939	5.933661662611998e-05
7870	5.933661662611998e-05
4904	5.933661662611998e-05
2567	5.933661662611998e-05
7236	5.933661662611998e-05
8149	5.933661662611998e-05
3650	5.933661662611998e-05
0692	5.933661662611998e-05
7282	5.933661662611998e-05
6594	5.933661662611998e-05
4128	5.933661662611998e-05
2170	5.933661662611998e-05
0784	5.933661662611998e-05
4566	5.933661662611998e-05
0044	5.933661662611998e-05
9024	5.933661662611998e-05
9939	5.933661662611998e-05
3980	5.933661662611998e-05
3559	5.933661662611998e-05
1482	5.933661662611998e-05
3692	5.933661662611998e-05
9492	5.933661662611998e-05
2218	5.933661662611998e-05
8732	5.933661662611998e-05
5602	5.933661662611998e-05
2742	5.933661662611998e-05
0018	5.933661662611998e-05
4315	5.933661662611998e-05
3245	5.933661662611998e-05
1846	5.933661662611998e-05
6012	5.933661662611998e-05
2127	5.933661662611998e-05
6881	5.933661662611998e-05
7389	5.933661662611998e-05
9841	5.933661662611998e-05
8318	5.933661662611998e-05
1793	5.933661662611998e-05
5858	5.933661662611998e-05
3663	5.933661662611998e-05
4393	5.933661662611998e-05
7487	5.933661662611998e-05
9815	5.933661662611998e-05
7812	5.933661662611998e-05
7732	5.933661662611998e-05
3358	5.933661662611998e-05
2696	5.933661662611998e-05
4915	5.933661662611998e-05
2622	5.933661662611998e-05
9952	5.933661662611998e-05
3290	5.933661662611998e-05
6249	5.933661662611998e-05
9899	5.933661662611998e-05
1528	5.933661662611998e-05
6540	5.933661662611998e-05
5354	5.933661662611998e-05
0156	5.933661662611998e-05
6626	5.933661662611998e-05
5396	5.933661662611998e-05
6780	5.933661662611998e-05
8778	5.933661662611998e-05
6060	5.933661662611998e-05
6968	5.933661662611998e-05
9640	5.933661662611998e-05
7931	5.933661662611998e-05
6987	5.933661662611998e-05
6234	5.933661662611998e-05
3473	5.933661662611998e-05
0923	5.933661662611998e-05
0420	5.933661662611998e-05
9867	5.933661662611998e-05
2496	5.933661662611998e-05
6290	5.933661662611998e-05
8436	5.933661662611998e-05
8159	5.933661662611998e-05
4936	5.933661662611998e-05
9917	5.933661662611998e-05
7884	5.933661662611998e-05
1084	5.933661662611998e-05
0133	5.933661662611998e-05
0061	5.933661662611998e-05
2917	5.933661662611998e-05
2270	5.933661662611998e-05
2181	5.933661662611998e-05
9139	5.933661662611998e-05
7264	5.933661662611998e-05
2882	5.933661662611998e-05
0017	5.933661662611998e-05
9697	5.933661662611998e-05
1750	5.933661662611998e-05
5528	5.933661662611998e-05
3989	5.933661662611998e-05
3791	5.933661662611998e-05
2636	5.933661662611998e-05
6315	5.933661662611998e-05
7321	5.933661662611998e-05
4530	5.933661662611998e-05
5283	5.933661662611998e-05
2289	5.933661662611998e-05
0849	5.933661662611998e-05
9205	5.933661662611998e-05
0221	5.933661662611998e-05
3189	5.933661662611998e-05
6262	5.933661662611998e-05
8974	5.933661662611998e-05
9944	5.933661662611998e-05
5590	5.933661662611998e-05
6321	5.933661662611998e-05
5092	5.933661662611998e-05
3642	5.933661662611998e-05
1165	5.933661662611998e-05
7978	5.933661662611998e-05
4532	5.933661662611998e-05
2259	5.933661662611998e-05
0162	5.933661662611998e-05
5618	5.933661662611998e-05
2740	5.933661662611998e-05
3279	5.933661662611998e-05
7583	5.933661662611998e-05
7283	5.933661662611998e-05
6895	5.933661662611998e-05
5188	5.933661662611998e-05
0998	5.933661662611998e-05
1033	5.933661662611998e-05
5700	5.933661662611998e-05
5454	5.933661662611998e-05
0417	5.933661662611998e-05
0752	5.933661662611998e-05
0892	5.933661662611998e-05
0684	5.933661662611998e-05
6439	5.933661662611998e-05
2743	5.933661662611998e-05
2319	5.933661662611998e-05
0362	5.933661662611998e-05
6564	5.933661662611998e-05
1271	5.933661662611998e-05
5348	5.933661662611998e-05
4940	5.933661662611998e-05
7125	5.933661662611998e-05
4890	5.933661662611998e-05
4480	5.933661662611998e-05
7844	5.933661662611998e-05
5789	5.933661662611998e-05
0096	5.933661662611998e-05
2486	5.933661662611998e-05
2584	5.933661662611998e-05
1358	5.933661662611998e-05
7977	5.933661662611998e-05
2560	5.933661662611998e-05
5553	5.933661662611998e-05
4649	5.933661662611998e-05
7687	5.933661662611998e-05
4293	5.933661662611998e-05
7260	5.933661662611998e-05
2399	5.933661662611998e-05
6002	5.933661662611998e-05
8205	5.933661662611998e-05
1070	5.933661662611998e-05
0747	5.933661662611998e-05
9397	5.933661662611998e-05
6920	5.933661662611998e-05
2860	5.933661662611998e-05
9417	5.933661662611998e-05
5904	5.933661662611998e-05
7736	5.933661662611998e-05
8120	5.933661662611998e-05
8909	5.933661662611998e-05
1879	5.933661662611998e-05
9866	5.933661662611998e-05
1218	5.933661662611998e-05
0394	5.933661662611998e-05
9863	5.933661662611998e-05
1742	5.933661662611998e-05
6042	5.933661662611998e-05
1118	5.933661662611998e-05
7155	5.933661662611998e-05
4670	5.933661662611998e-05
8916	5.933661662611998e-05
1031	5.933661662611998e-05
2593	5.933661662611998e-05
4400	5.933661662611998e-05
8097	5.933661662611998e-05
4360	5.933661662611998e-05
9639	5.933661662611998e-05
4572	5.933661662611998e-05
0789	5.933661662611998e-05
5598	5.933661662611998e-05
4629	5.933661662611998e-05
1094	5.933661662611998e-05
7219	5.933661662611998e-05
1034	5.933661662611998e-05
4280	5.933661662611998e-05
8478	5.933661662611998e-05
4380	5.933661662611998e-05
3543	5.933661662611998e-05
0713	5.933661662611998e-05
4880	5.933661662611998e-05
9017	5.933661662611998e-05
8566	5.933661662611998e-05
4692	5.933661662611998e-05
5137	5.933661662611998e-05
4830	5.933661662611998e-05
7900	5.933661662611998e-05
0050	5.933661662611998e-05
4325	5.933661662611998e-05
0848	5.933661662611998e-05
8908	5.933661662611998e-05
1286	5.933661662611998e-05
6842	5.933661662611998e-05
4710	5.933661662611998e-05
0815	5.933661662611998e-05
4640	5.933661662611998e-05
2530	5.933661662611998e-05
8541	5.933661662611998e-05
8590	5.933661662611998e-05
4768	5.933661662611998e-05
7741	5.933661662611998e-05
7195	5.933661662611998e-05
4224	5.933661662611998e-05
8906	5.933661662611998e-05
1669	5.933661662611998e-05
2750	5.933661662611998e-05
7532	5.933661662611998e-05
2431	5.933661662611998e-05
2600	5.933661662611998e-05
3883	5.933661662611998e-05
0716	5.933661662611998e-05
0190	5.933661662611998e-05
4724	5.933661662611998e-05
5668	5.933661662611998e-05
4870	5.933661662611998e-05
5013	5.933661662611998e-05
6518	5.933661662611998e-05
9979	5.933661662611998e-05
4370	5.933661662611998e-05
2269	5.933661662611998e-05
4720	5.933661662611998e-05
8379	5.933661662611998e-05
9511	5.933661662611998e-05
2842	5.933661662611998e-05
4610	5.933661662611998e-05
8272	5.933661662611998e-05
3542	5.933661662611998e-05
3223	5.933661662611998e-05
8901	5.933661662611998e-05
0006	5.933661662611998e-05
0828	5.933661662611998e-05
1140	5.933661662611998e-05
1040	5.933661662611998e-05
9781	5.933661662611998e-05
0891	5.933661662611998e-05
4987	5.933661662611998e-05
2818	5.933661662611998e-05
1422	5.933661662611998e-05
1013	5.933661662611998e-05
4782	5.933661662611998e-05
7897	5.933661662611998e-05
9016	5.933661662611998e-05
4630	5.933661662611998e-05
6150	5.933661662611998e-05
3103	5.933661662611998e-05
8994	5.933661662611998e-05
0030	5.933661662611998e-05
7724	5.933661662611998e-05
1632	5.933661662611998e-05
0035	5.933661662611998e-05
9646	5.933661662611998e-05
3398	5.933661662611998e-05
6693	5.933661662611998e-05
8106	5.933661662611998e-05
1073	5.933661662611998e-05
1468	5.933661662611998e-05
4520	5.933661662611998e-05
0688	5.933661662611998e-05
9856	5.933661662611998e-05
5414	5.933661662611998e-05
3786	5.933661662611998e-05
0356	5.933661662611998e-05
2359	5.933661662611998e-05
1618	5.933661662611998e-05
8902	5.933661662611998e-05
0334	5.933661662611998e-05
6303	5.933661662611998e-05
7296	5.933661662611998e-05
1466	5.933661662611998e-05
1099	5.933661662611998e-05
4970	5.933661662611998e-05
0181	5.933661662611998e-05
1085	5.933661662611998e-05
1087	5.933661662611998e-05
4850	5.933661662611998e-05
9394	5.933661662611998e-05
8531	5.933661662611998e-05
2326	5.933661662611998e-05
2554	5.933661662611998e-05
6270	5.933661662611998e-05
5986	5.933661662611998e-05
1539	5.933661662611998e-05
0925	5.933661662611998e-05
4470	5.933661662611998e-05
0738	5.933661662611998e-05
4300	5.933661662611998e-05
1527	5.933661662611998e-05
0842	5.933661662611998e-05
6778	5.933661662611998e-05
2465	5.933661662611998e-05
0040	5.933661662611998e-05
0170	5.933661662611998e-05
3991	5.933661662611998e-05
3265	5.933661662611998e-05
0160	5.933661662611998e-05
4350	5.933661662611998e-05
6228	5.933661662611998e-05
3699	5.933661662611998e-05
0080	5.933661662611998e-05
2480	5.933661662611998e-05
4860	5.933661662611998e-05
4474	5.933661662611998e-05
7708	5.933661662611998e-05
3644	5.933661662611998e-05
4950	5.933661662611998e-05
0289	5.933661662611998e-05
2997	5.933661662611998e-05
9036	5.933661662611998e-05
2244	5.933661662611998e-05
3799	5.933661662611998e-05
4113	5.933661662611998e-05
6513	5.933661662611998e-05
2774	5.933661662611998e-05
9778	5.933661662611998e-05
1057	5.933661662611998e-05
3088	5.933661662611998e-05
8783	5.933661662611998e-05
2236	5.933661662611998e-05
0785	5.933661662611998e-05
2246	5.933661662611998e-05
6322	5.933661662611998e-05
5960	5.933661662611998e-05
6802	5.933661662611998e-05
1027	5.933661662611998e-05
9964	5.933661662611998e-05
9469	5.933661662611998e-05
2283	5.933661662611998e-05
4450	5.933661662611998e-05
7903	5.933661662611998e-05
7320	5.933661662611998e-05
5353	5.933661662611998e-05
1377	5.933661662611998e-05
7184	5.933661662611998e-05
8905	5.933661662611998e-05
5416	5.933661662611998e-05
3402	5.933661662611998e-05
4240	5.933661662611998e-05
9679	5.933661662611998e-05
4460	5.933661662611998e-05
1351	5.933661662611998e-05
0380	5.933661662611998e-05
4930	5.933661662611998e-05
3436	5.933661662611998e-05
4540	5.933661662611998e-05
4760	5.933661662611998e-05
8904	5.933661662611998e-05
4190	5.933661662611998e-05
5624	5.933661662611998e-05
1267	5.933661662611998e-05
1050	5.933661662611998e-05
2572	5.933661662611998e-05
2197	5.933661662611998e-05
7351	5.933661662611998e-05
4840	5.933661662611998e-05
7995	5.933661662611998e-05
6070	5.933661662611998e-05
1068	5.933661662611998e-05
2193	5.933661662611998e-05
4638	5.933661662611998e-05
9286	5.933661662611998e-05
9909	5.933661662611998e-05
7735	5.933661662611998e-05
5288	5.933661662611998e-05
1069	5.933661662611998e-05
4270	5.933661662611998e-05
3838	5.933661662611998e-05
2986	5.933661662611998e-05
4849	5.933661662611998e-05
0957	5.933661662611998e-05
0781	5.933661662611998e-05
7514	5.933661662611998e-05
0236	5.933661662611998e-05
5410	5.933661662611998e-05
9316	5.933661662611998e-05
9984	5.933661662611998e-05
0970	5.933661662611998e-05
2464	5.933661662611998e-05
0098	5.933661662611998e-05
9456	5.933661662611998e-05
0038	5.933661662611998e-05
9546	5.933661662611998e-05
3983	5.933661662611998e-05
0876	5.933661662611998e-05
7492	5.933661662611998e-05
9296	5.933661662611998e-05
6418	5.933661662611998e-05
4008	5.933661662611998e-05
9923	5.933661662611998e-05
5387	5.933661662611998e-05
9941	5.933661662611998e-05
3030	5.933661662611998e-05
4057	5.933661662611998e-05
8975	5.933661662611998e-05
4486	5.933661662611998e-05
1219	5.933661662611998e-05
3047	5.933661662611998e-05
3081	5.933661662611998e-05
4658	5.933661662611998e-05
0829	5.933661662611998e-05
4100	5.933661662611998e-05
9047	5.933661662611998e-05
3224	5.933661662611998e-05
8405	5.933661662611998e-05
1787	5.933661662611998e-05
5320	5.933661662611998e-05
9963	5.933661662611998e-05
5684	5.933661662611998e-05
7778	5.933661662611998e-05
2762	5.933661662611998e-05
4290	5.933661662611998e-05
9299	5.933661662611998e-05
3912	5.933661662611998e-05
1595	5.933661662611998e-05
8678	5.933661662611998e-05
0793	5.933661662611998e-05
0330	5.933661662611998e-05
3191	5.933661662611998e-05
0235	5.933661662611998e-05
9152	5.933661662611998e-05
4180	5.933661662611998e-05
1836	5.933661662611998e-05
1771	5.933661662611998e-05
4200	5.933661662611998e-05
8938	5.933661662611998e-05
5716	5.933661662611998e-05
6998	5.933661662611998e-05
4548	5.933661662611998e-05
1698	5.933661662611998e-05
2994	5.933661662611998e-05
1435	5.933661662611998e-05
8997	5.933661662611998e-05
6388	5.933661662611998e-05
8197	5.933661662611998e-05
2280	5.933661662611998e-05
6485	5.933661662611998e-05
3966	5.933661662611998e-05
3275	5.933661662611998e-05
2823	5.933661662611998e-05
8162	5.933661662611998e-05
2219	5.933661662611998e-05
1048	5.933661662611998e-05
9826	5.933661662611998e-05
6520	5.933661662611998e-05
1184	5.933661662611998e-05
4550	5.933661662611998e-05
2984	5.933661662611998e-05
3680	5.933661662611998e-05
2595	5.933661662611998e-05
7980	5.933661662611998e-05
7117	5.933661662611998e-05
7892	5.933661662611998e-05
2549	5.933661662611998e-05
1842	5.933661662611998e-05
0743	5.933661662611998e-05
2482	5.933661662611998e-05
9330	5.933661662611998e-05
6698	5.933661662611998e-05
4249	5.933661662611998e-05
2515	5.933661662611998e-05
4920	5.933661662611998e-05
6282	5.933661662611998e-05
1451	5.933661662611998e-05
7465	5.933661662611998e-05
2813	5.933661662611998e-05
5489	5.933661662611998e-05
7071	5.933661662611998e-05
2800	5.933661662611998e-05
0992	5.933661662611998e-05
1463	5.933661662611998e-05
8895	5.933661662611998e-05
6227	5.933661662611998e-05
6682	5.933661662611998e-05
0387	5.933661662611998e-05
5797	5.933661662611998e-05
0095	5.933661662611998e-05
0065	5.933661662611998e-05
6280	5.933661662611998e-05
0294	5.933661662611998e-05
3200	5.933661662611998e-05
4396	5.933661662611998e-05
3450	5.933661662611998e-05
2747	5.933661662611998e-05
2830	5.933661662611998e-05
0530	5.933661662611998e-05
0377	5.933661662611998e-05
4862	5.933661662611998e-05
2577	5.933661662611998e-05
9881	5.933661662611998e-05
2594	5.933661662611998e-05
8726	5.933661662611998e-05
2599	5.933661662611998e-05
1531	5.933661662611998e-05
1168	5.933661662611998e-05
3545	5.933661662611998e-05
1362	5.933661662611998e-05
6793	5.933661662611998e-05
7894	5.933661662611998e-05
9703	5.933661662611998e-05
1186	5.933661662611998e-05
7782	5.933661662611998e-05
0561	5.933661662611998e-05
0628	5.933661662611998e-05
8000	5.933661662611998e-05
7881	5.933661662611998e-05
8700	5.933661662611998e-05
7930	5.933661662611998e-05
9527	5.933661662611998e-05
4002	5.933661662611998e-05
8945	5.933661662611998e-05
4340	5.933661662611998e-05
4990	5.933661662611998e-05
2130	5.933661662611998e-05
1734	5.933661662611998e-05
0585	5.933661662611998e-05
5438	5.933661662611998e-05
4852	5.933661662611998e-05
0956	5.933661662611998e-05
1785	5.933661662611998e-05
1380	5.933661662611998e-05
4574	5.933661662611998e-05
4250	5.933661662611998e-05
3814	5.933661662611998e-05
0727	5.933661662611998e-05
9631	5.933661662611998e-05
1881	5.933661662611998e-05
4112	5.933661662611998e-05
1626	5.933661662611998e-05
9030	5.933661662611998e-05
0428	5.933661662611998e-05
6248	5.933661662611998e-05
3089	5.933661662611998e-05
4884	5.933661662611998e-05
1162	5.933661662611998e-05
4283	5.933661662611998e-05
1144	5.933661662611998e-05
4404	5.933661662611998e-05
2995	5.933661662611998e-05
1882	5.933661662611998e-05
9015	5.933661662611998e-05
4390	5.933661662611998e-05
9852	5.933661662611998e-05
1161	5.933661662611998e-05
8305	5.933661662611998e-05
6411	5.933661662611998e-05
3803	5.933661662611998e-05
1051	5.933661662611998e-05
0153	5.933661662611998e-05
4351	5.933661662611998e-05
3916	5.933661662611998e-05
4997	5.933661662611998e-05
5250	5.933661662611998e-05
9322	5.933661662611998e-05
8692	5.933661662611998e-05
0039	5.933661662611998e-05
9818	5.933661662611998e-05
4265	5.933661662611998e-05
3878	5.933661662611998e-05
1855	5.933661662611998e-05
1763	5.933661662611998e-05
1328	5.933661662611998e-05
0570	5.933661662611998e-05
1167	5.933661662611998e-05
1036	5.933661662611998e-05
1179	5.933661662611998e-05
2483	5.933661662611998e-05
7985	5.933661662611998e-05
5699	5.933661662611998e-05
5934	5.933661662611998e-05
0220	5.933661662611998e-05
4152	5.933661662611998e-05
8418	5.933661662611998e-05
9128	5.933661662611998e-05
1784	5.933661662611998e-05
0176	5.933661662611998e-05
0399	5.933661662611998e-05
3050	5.933661662611998e-05
8880	5.933661662611998e-05
4231	5.933661662611998e-05
2980	5.933661662611998e-05
8304	5.933661662611998e-05
1635	5.933661662611998e-05
2697	5.933661662611998e-05
0259	5.933661662611998e-05
4389	5.933661662611998e-05
0523	5.933661662611998e-05
1143	5.933661662611998e-05
0976	5.933661662611998e-05
3659	5.933661662611998e-05
2374	5.933661662611998e-05
8011	5.933661662611998e-05
6199	5.933661662611998e-05
2241	5.933661662611998e-05
9440	5.933661662611998e-05
2421	5.933661662611998e-05
4744	5.933661662611998e-05
0331	5.933661662611998e-05
5502	5.933661662611998e-05
4693	5.933661662611998e-05
2199	5.933661662611998e-05
4810	5.933661662611998e-05
1620	5.933661662611998e-05
3860	5.933661662611998e-05
4209	5.933661662611998e-05
7189	5.933661662611998e-05
4004	5.933661662611998e-05
9911	5.933661662611998e-05
7923	5.933661662611998e-05
6140	5.933661662611998e-05
6339	5.933661662611998e-05
6489	5.933661662611998e-05
7390	5.933661662611998e-05
7080	5.933661662611998e-05
8198	5.933661662611998e-05
3215	5.933661662611998e-05
9190	5.933661662611998e-05
5599	5.933661662611998e-05
1830	5.933661662611998e-05
5794	5.933661662611998e-05
2292	5.933661662611998e-05
8502	5.933661662611998e-05
2777	5.933661662611998e-05
9937	5.933661662611998e-05
4316	5.933661662611998e-05
8944	5.933661662611998e-05
5535	5.933661662611998e-05
8361	5.933661662611998e-05
6361	5.933661662611998e-05
2629	5.933661662611998e-05
3390	5.933661662611998e-05
8306	5.933661662611998e-05
6008	5.933661662611998e-05
7954	5.933661662611998e-05
2139	5.933661662611998e-05
0036	5.933661662611998e-05
3421	5.933661662611998e-05
5282	5.933661662611998e-05
6654	5.933661662611998e-05
0297	5.933661662611998e-05
1426	5.933661662611998e-05
4544	5.933661662611998e-05
1019	5.933661662611998e-05
2350	5.933661662611998e-05
0216	5.933661662611998e-05
9396	5.933661662611998e-05
3169	5.933661662611998e-05
3371	5.933661662611998e-05
1574	5.933661662611998e-05
9097	5.933661662611998e-05
1342	5.933661662611998e-05
2373	5.933661662611998e-05
1640	5.933661662611998e-05
6686	5.933661662611998e-05
6177	5.933661662611998e-05
3578	5.933661662611998e-05
4955	5.933661662611998e-05
0521	5.933661662611998e-05
2187	5.933661662611998e-05
9208	5.933661662611998e-05
4526	5.933661662611998e-05
9497	5.933661662611998e-05
6894	5.933661662611998e-05
3458	5.933661662611998e-05
4825	5.933661662611998e-05
2614	5.933661662611998e-05
1713	5.933661662611998e-05
1477	5.933661662611998e-05
3134	5.933661662611998e-05
7007	5.933661662611998e-05
1329	5.933661662611998e-05
0383	5.933661662611998e-05
2135	5.933661662611998e-05
6047	5.933661662611998e-05
4740	5.933661662611998e-05
3315	5.933661662611998e-05
1083	5.933661662611998e-05
9496	5.933661662611998e-05
1459	5.933661662611998e-05
4910	5.933661662611998e-05
2192	5.933661662611998e-05
7779	5.933661662611998e-05
8513	5.933661662611998e-05
0689	5.933661662611998e-05
2393	5.933661662611998e-05
2640	5.933661662611998e-05
7512	5.933661662611998e-05
7633	5.933661662611998e-05
1628	5.933661662611998e-05
6890	5.933661662611998e-05
8528	5.933661662611998e-05
0487	5.933661662611998e-05
0414	5.933661662611998e-05
3886	5.933661662611998e-05
9891	5.933661662611998e-05
