12345	0.3873927787751845
11111	0.025134649910233394
13579	0.021743466985836825
00000	0.017554358667464593
01234	0.010572511470177539
55555	0.006582884500299222
14789	0.006383403151805306
99999	0.005585477757829643
23456	0.005585477757829643
56789	0.005385996409335727
54321	0.0047875523638539795
12300	0.003989626969878316
11906	0.003391182924396569
12312	0.002992220227408737
09876	0.0027927388789148215
12369	0.0027927388789148215
11234	0.002593257530420906
00001	0.0023937761819269898
22222	0.0023937761819269898
33333	0.002194294833433074
12356	0.002194294833433074
71311	0.002194294833433074
98765	0.001994813484939158
41176	0.001994813484939158
12358	0.001994813484939158
45678	0.0017953321364452424
12346	0.0017953321364452424
12321	0.0017953321364452424
00123	0.0017953321364452424
21176	0.0017953321364452424
88888	0.0015958507879513266
54119	0.0015958507879513266
02468	0.0015958507879513266
11761	0.0015958507879513266
01230	0.0015958507879513266
24680	0.0013963694394574107
66666	0.0011968880909634949
12311	0.0011968880909634949
78952	0.0011968880909634949
15963	0.0011968880909634949
12354	0.0011968880909634949
44444	0.000997406742469579
12323	0.000997406742469579
77640	0.000997406742469579
20119	0.000997406742469579
10000	0.000997406742469579
77620	0.000997406742469579
12123	0.000997406742469579
74123	0.000997406742469579
23988	0.000997406742469579
67890	0.0007979253939756633
77777	0.0007979253939756633
12310	0.0007979253939756633
12313	0.0007979253939756633
76411	0.0007979253939756633
78910	0.0007979253939756633
10119	0.0007979253939756633
70411	0.0007979253939756633
12368	0.0007979253939756633
78963	0.0007979253939756633
19932	0.0007979253939756633
01258	0.0007979253939756633
12320	0.0007979253939756633
12301	0.0007979253939756633
52119	0.0005984440454817474
00912	0.0005984440454817474
19944	0.0005984440454817474
13245	0.0005984440454817474
37418	0.0005984440454817474
76214	0.0005984440454817474
13456	0.0005984440454817474
20350	0.0005984440454817474
10203	0.0005984440454817474
15975	0.0005984440454817474
01235	0.0005984440454817474
12347	0.0005984440454817474
18289	0.0005984440454817474
11988	0.0005984440454817474
12355	0.0005984440454817474
70211	0.0005984440454817474
11021	0.0005984440454817474
11122	0.0005984440454817474
12333	0.0005984440454817474
12687	0.0005984440454817474
12340	0.0005984440454817474
10761	0.0005984440454817474
11223	0.0005984440454817474
20010	0.0005984440454817474
20099	0.0005984440454817474
11764	0.0005984440454817474
20000	0.0005984440454817474
11311	0.0005984440454817474
12379	0.0005984440454817474
74111	0.0005984440454817474
10390	0.0005984440454817474
12332	0.0005984440454817474
01689	0.0005984440454817474
19851	0.0005984440454817474
21106	0.0005984440454817474
12710	0.00039896269698783165
01626	0.00039896269698783165
11011	0.00039896269698783165
34567	0.00039896269698783165
21194	0.00039896269698783165
10129	0.00039896269698783165
12344	0.00039896269698783165
45630	0.00039896269698783165
61208	0.00039896269698783165
12114	0.00039896269698783165
69989	0.00039896269698783165
12341	0.00039896269698783165
31780	0.00039896269698783165
29492	0.00039896269698783165
13890	0.00039896269698783165
19887	0.00039896269698783165
10123	0.00039896269698783165
70000	0.00039896269698783165
11331	0.00039896269698783165
21221	0.00039896269698783165
74520	0.00039896269698783165
60119	0.00039896269698783165
13288	0.00039896269698783165
09812	0.00039896269698783165
36987	0.00039896269698783165
98521	0.00039896269698783165
14785	0.00039896269698783165
67519	0.00039896269698783165
19900	0.00039896269698783165
11211	0.00039896269698783165
19981	0.00039896269698783165
30389	0.00039896269698783165
15423	0.00039896269698783165
30782	0.00039896269698783165
13061	0.00039896269698783165
14112	0.00039896269698783165
15628	0.00039896269698783165
22895	0.00039896269698783165
72693	0.00039896269698783165
77641	0.00039896269698783165
12761	0.00039896269698783165
11141	0.00039896269698783165
17294	0.00039896269698783165
21995	0.00039896269698783165
27892	0.00039896269698783165
21292	0.00039896269698783165
21590	0.00039896269698783165
30100	0.00039896269698783165
37465	0.00039896269698783165
12388	0.00039896269698783165
21183	0.00039896269698783165
11121	0.00039896269698783165
12690	0.00039896269698783165
23693	0.00039896269698783165
14704	0.00039896269698783165
14217	0.00039896269698783165
02113	0.00039896269698783165
12350	0.00039896269698783165
20091	0.00039896269698783165
19876	0.00039896269698783165
52123	0.00039896269698783165
12101	0.00039896269698783165
21311	0.00039896269698783165
19888	0.00039896269698783165
11290	0.00039896269698783165
01233	0.00039896269698783165
14710	0.00039896269698783165
00790	0.00039896269698783165
96321	0.00039896269698783165
15987	0.00039896269698783165
20142	0.00039896269698783165
21988	0.00039896269698783165
00011	0.00039896269698783165
21392	0.00039896269698783165
72216	0.00039896269698783165
20102	0.00039896269698783165
01679	0.00039896269698783165
14562	0.00039896269698783165
19923	0.00039896269698783165
20689	0.00039896269698783165
20683	0.00039896269698783165
19937	0.00039896269698783165
12011	0.00039896269698783165
09123	0.00039896269698783165
10233	0.00039896269698783165
74511	0.00039896269698783165
19880	0.00039896269698783165
11345	0.00039896269698783165
09822	0.00039896269698783165
19999	0.00039896269698783165
19931	0.00039896269698783165
12342	0.00039896269698783165
01988	0.00039896269698783165
01666	0.00039896269698783165
01677	0.00039896269698783165
70688	0.00039896269698783165
12986	0.00039896269698783165
72111	0.00039896269698783165
16397	0.00039896269698783165
11221	0.00039896269698783165
10987	0.00039896269698783165
76213	0.00039896269698783165
23585	0.00039896269698783165
21987	0.00039896269698783165
20012	0.00039896269698783165
00213	0.00039896269698783165
12583	0.00039896269698783165
19922	0.00039896269698783165
21089	0.00039896269698783165
19939	0.00039896269698783165
67899	0.00039896269698783165
11760	0.00039896269698783165
12546	0.00039896269698783165
01213	0.00039896269698783165
32147	0.00039896269698783165
01212	0.00039896269698783165
12359	0.00039896269698783165
19881	0.00039896269698783165
24887	0.00039896269698783165
01111	0.00039896269698783165
19933	0.00039896269698783165
10492	0.00039896269698783165
62013	0.00039896269698783165
12589	0.00039896269698783165
19891	0.00039896269698783165
12390	0.00039896269698783165
10495	0.00039896269698783165
19951	0.00039896269698783165
40300	0.00039896269698783165
20153	0.00039896269698783165
10110	0.00039896269698783165
25191	0.00039896269698783165
22003	0.00039896269698783165
10891	0.00039896269698783165
12309	0.00039896269698783165
13478	0.00039896269698783165
14587	0.00039896269698783165
12568	0.00039896269698783165
11239	0.00039896269698783165
19899	0.00039896269698783165
15119	0.00019948134849391582
13595	0.00019948134849391582
71234	0.00019948134849391582
14299	0.00019948134849391582
68453	0.00019948134849391582
23112	0.00019948134849391582
02799	0.00019948134849391582
90280	0.00019948134849391582
17731	0.00019948134849391582
12827	0.00019948134849391582
39090	0.00019948134849391582
70242	0.00019948134849391582
15973	0.00019948134849391582
35790	0.00019948134849391582
53243	0.00019948134849391582
75000	0.00019948134849391582
12365	0.00019948134849391582
29393	0.00019948134849391582
31101	0.00019948134849391582
27689	0.00019948134849391582
54275	0.00019948134849391582
21992	0.00019948134849391582
18811	0.00019948134849391582
76041	0.00019948134849391582
24710	0.00019948134849391582
16368	0.00019948134849391582
26177	0.00019948134849391582
19063	0.00019948134849391582
12835	0.00019948134849391582
15327	0.00019948134849391582
89456	0.00019948134849391582
12012	0.00019948134849391582
26282	0.00019948134849391582
72473	0.00019948134849391582
13589	0.00019948134849391582
25590	0.00019948134849391582
12315	0.00019948134849391582
12318	0.00019948134849391582
12319	0.00019948134849391582
12314	0.00019948134849391582
12316	0.00019948134849391582
11236	0.00019948134849391582
31208	0.00019948134849391582
28487	0.00019948134849391582
24791	0.00019948134849391582
11790	0.00019948134849391582
73502	0.00019948134849391582
19834	0.00019948134849391582
12317	0.00019948134849391582
87544	0.00019948134849391582
14280	0.00019948134849391582
13576	0.00019948134849391582
09081	0.00019948134849391582
12393	0.00019948134849391582
01166	0.00019948134849391582
19790	0.00019948134849391582
30307	0.00019948134849391582
19688	0.00019948134849391582
21990	0.00019948134849391582
33133	0.00019948134849391582
41084	0.00019948134849391582
14989	0.00019948134849391582
22188	0.00019948134849391582
10289	0.00019948134849391582
20133	0.00019948134849391582
44592	0.00019948134849391582
12468	0.00019948134849391582
11603	0.00019948134849391582
75476	0.00019948134849391582
00765	0.00019948134849391582
31456	0.00019948134849391582
31142	0.00019948134849391582
12456	0.00019948134849391582
20929	0.00019948134849391582
21210	0.00019948134849391582
03400	0.00019948134849391582
02951	0.00019948134849391582
41998	0.00019948134849391582
18848	0.00019948134849391582
22008	0.00019948134849391582
17591	0.00019948134849391582
52492	0.00019948134849391582
21896	0.00019948134849391582
70119	0.00019948134849391582
05941	0.00019948134849391582
82879	0.00019948134849391582
50404	0.00019948134849391582
27212	0.00019948134849391582
99123	0.00019948134849391582
56649	0.00019948134849391582
11687	0.00019948134849391582
17194	0.00019948134849391582
13119	0.00019948134849391582
30889	0.00019948134849391582
57612	0.00019948134849391582
13939	0.00019948134849391582
19921	0.00019948134849391582
11102	0.00019948134849391582
68113	0.00019948134849391582
79313	0.00019948134849391582
90102	0.00019948134849391582
15895	0.00019948134849391582
10020	0.00019948134849391582
01102	0.00019948134849391582
21587	0.00019948134849391582
53454	0.00019948134849391582
14123	0.00019948134849391582
12421	0.00019948134849391582
10991	0.00019948134849391582
19000	0.00019948134849391582
33280	0.00019948134849391582
00811	0.00019948134849391582
93789	0.00019948134849391582
91090	0.00019948134849391582
54565	0.00019948134849391582
20063	0.00019948134849391582
76134	0.00019948134849391582
87878	0.00019948134849391582
97278	0.00019948134849391582
10816	0.00019948134849391582
18874	0.00019948134849391582
65626	0.00019948134849391582
02025	0.00019948134849391582
23777	0.00019948134849391582
12580	0.00019948134849391582
51012	0.00019948134849391582
13396	0.00019948134849391582
18631	0.00019948134849391582
20999	0.00019948134849391582
14293	0.00019948134849391582
34688	0.00019948134849391582
01997	0.00019948134849391582
25801	0.00019948134849391582
01994	0.00019948134849391582
10693	0.00019948134849391582
76421	0.00019948134849391582
12391	0.00019948134849391582
16392	0.00019948134849391582
82915	0.00019948134849391582
07103	0.00019948134849391582
28940	0.00019948134849391582
85123	0.00019948134849391582
13791	0.00019948134849391582
52930	0.00019948134849391582
69111	0.00019948134849391582
86480	0.00019948134849391582
71078	0.00019948134849391582
24182	0.00019948134849391582
09166	0.00019948134849391582
15029	0.00019948134849391582
11920	0.00019948134849391582
44486	0.00019948134849391582
27888	0.00019948134849391582
29961	0.00019948134849391582
68616	0.00019948134849391582
86000	0.00019948134849391582
42000	0.00019948134849391582
46589	0.00019948134849391582
20090	0.00019948134849391582
32195	0.00019948134849391582
12799	0.00019948134849391582
61085	0.00019948134849391582
01685	0.00019948134849391582
00922	0.00019948134849391582
25891	0.00019948134849391582
24186	0.00019948134849391582
41093	0.00019948134849391582
11022	0.00019948134849391582
25834	0.00019948134849391582
26956	0.00019948134849391582
00610	0.00019948134849391582
12348	0.00019948134849391582
65912	0.00019948134849391582
51258	0.00019948134849391582
88558	0.00019948134849391582
17021	0.00019948134849391582
91900	0.00019948134849391582
19768	0.00019948134849391582
25888	0.00019948134849391582
12489	0.00019948134849391582
10643	0.00019948134849391582
81032	0.00019948134849391582
12199	0.00019948134849391582
41186	0.00019948134849391582
00013	0.00019948134849391582
41212	0.00019948134849391582
36843	0.00019948134849391582
24434	0.00019948134849391582
13892	0.00019948134849391582
10089	0.00019948134849391582
22341	0.00019948134849391582
10086	0.00019948134849391582
18291	0.00019948134849391582
25391	0.00019948134849391582
23893	0.00019948134849391582
81191	0.00019948134849391582
77991	0.00019948134849391582
61057	0.00019948134849391582
19433	0.00019948134849391582
16790	0.00019948134849391582
96869	0.00019948134849391582
25267	0.00019948134849391582
76543	0.00019948134849391582
26791	0.00019948134849391582
31092	0.00019948134849391582
12022	0.00019948134849391582
36513	0.00019948134849391582
54356	0.00019948134849391582
32556	0.00019948134849391582
09745	0.00019948134849391582
00699	0.00019948134849391582
84951	0.00019948134849391582
53949	0.00019948134849391582
20003	0.00019948134849391582
26983	0.00019948134849391582
95123	0.00019948134849391582
76422	0.00019948134849391582
32307	0.00019948134849391582
66287	0.00019948134849391582
51420	0.00019948134849391582
01649	0.00019948134849391582
98829	0.00019948134849391582
29190	0.00019948134849391582
57949	0.00019948134849391582
11010	0.00019948134849391582
13491	0.00019948134849391582
11348	0.00019948134849391582
01886	0.00019948134849391582
21994	0.00019948134849391582
01634	0.00019948134849391582
31990	0.00019948134849391582
97155	0.00019948134849391582
79544	0.00019948134849391582
11283	0.00019948134849391582
11181	0.00019948134849391582
90301	0.00019948134849391582
15982	0.00019948134849391582
41187	0.00019948134849391582
86642	0.00019948134849391582
42211	0.00019948134849391582
14114	0.00019948134849391582
21190	0.00019948134849391582
11987	0.00019948134849391582
03341	0.00019948134849391582
13285	0.00019948134849391582
19189	0.00019948134849391582
08090	0.00019948134849391582
15238	0.00019948134849391582
23910	0.00019948134849391582
99936	0.00019948134849391582
30145	0.00019948134849391582
12399	0.00019948134849391582
20815	0.00019948134849391582
11322	0.00019948134849391582
42963	0.00019948134849391582
13085	0.00019948134849391582
36957	0.00019948134849391582
18894	0.00019948134849391582
14625	0.00019948134849391582
13988	0.00019948134849391582
22806	0.00019948134849391582
99401	0.00019948134849391582
24685	0.00019948134849391582
85321	0.00019948134849391582
62834	0.00019948134849391582
30880	0.00019948134849391582
06224	0.00019948134849391582
92114	0.00019948134849391582
20496	0.00019948134849391582
75144	0.00019948134849391582
16965	0.00019948134849391582
16191	0.00019948134849391582
12548	0.00019948134849391582
02154	0.00019948134849391582
11094	0.00019948134849391582
61092	0.00019948134849391582
25788	0.00019948134849391582
24567	0.00019948134849391582
81925	0.00019948134849391582
26845	0.00019948134849391582
20210	0.00019948134849391582
19651	0.00019948134849391582
35571	0.00019948134849391582
52761	0.00019948134849391582
20395	0.00019948134849391582
86405	0.00019948134849391582
11072	0.00019948134849391582
15893	0.00019948134849391582
83999	0.00019948134849391582
81256	0.00019948134849391582
77379	0.00019948134849391582
91995	0.00019948134849391582
19733	0.00019948134849391582
11983	0.00019948134849391582
22456	0.00019948134849391582
11678	0.00019948134849391582
11332	0.00019948134849391582
21195	0.00019948134849391582
29483	0.00019948134849391582
43997	0.00019948134849391582
11341	0.00019948134849391582
71986	0.00019948134849391582
08246	0.00019948134849391582
86882	0.00019948134849391582
20933	0.00019948134849391582
87745	0.00019948134849391582
76211	0.00019948134849391582
11192	0.00019948134849391582
43535	0.00019948134849391582
22798	0.00019948134849391582
32566	0.00019948134849391582
31102	0.00019948134849391582
51820	0.00019948134849391582
43117	0.00019948134849391582
19990	0.00019948134849391582
00654	0.00019948134849391582
75789	0.00019948134849391582
01632	0.00019948134849391582
21901	0.00019948134849391582
17535	0.00019948134849391582
23033	0.00019948134849391582
90594	0.00019948134849391582
32166	0.00019948134849391582
23232	0.00019948134849391582
12821	0.00019948134849391582
29396	0.00019948134849391582
85963	0.00019948134849391582
10787	0.00019948134849391582
16399	0.00019948134849391582
14355	0.00019948134849391582
10010	0.00019948134849391582
74122	0.00019948134849391582
10347	0.00019948134849391582
21394	0.00019948134849391582
38251	0.00019948134849391582
07019	0.00019948134849391582
61495	0.00019948134849391582
97541	0.00019948134849391582
16592	0.00019948134849391582
18452	0.00019948134849391582
56788	0.00019948134849391582
50548	0.00019948134849391582
31994	0.00019948134849391582
16791	0.00019948134849391582
20677	0.00019948134849391582
11208	0.00019948134849391582
01214	0.00019948134849391582
77621	0.00019948134849391582
20103	0.00019948134849391582
51282	0.00019948134849391582
26789	0.00019948134849391582
27698	0.00019948134849391582
29979	0.00019948134849391582
05602	0.00019948134849391582
30779	0.00019948134849391582
66144	0.00019948134849391582
12092	0.00019948134849391582
11566	0.00019948134849391582
21379	0.00019948134849391582
92147	0.00019948134849391582
61214	0.00019948134849391582
12392	0.00019948134849391582
17292	0.00019948134849391582
01999	0.00019948134849391582
80212	0.00019948134849391582
21976	0.00019948134849391582
25218	0.00019948134849391582
20806	0.00019948134849391582
41879	0.00019948134849391582
01523	0.00019948134849391582
16982	0.00019948134849391582
47358	0.00019948134849391582
61189	0.00019948134849391582
87777	0.00019948134849391582
16452	0.00019948134849391582
01868	0.00019948134849391582
54322	0.00019948134849391582
00788	0.00019948134849391582
88219	0.00019948134849391582
46731	0.00019948134849391582
12343	0.00019948134849391582
91087	0.00019948134849391582
64601	0.00019948134849391582
11493	0.00019948134849391582
24689	0.00019948134849391582
11916	0.00019948134849391582
01222	0.00019948134849391582
99977	0.00019948134849391582
21967	0.00019948134849391582
20100	0.00019948134849391582
07002	0.00019948134849391582
18387	0.00019948134849391582
47375	0.00019948134849391582
12653	0.00019948134849391582
51217	0.00019948134849391582
14121	0.00019948134849391582
02509	0.00019948134849391582
67171	0.00019948134849391582
10511	0.00019948134849391582
15780	0.00019948134849391582
02090	0.00019948134849391582
29880	0.00019948134849391582
12195	0.00019948134849391582
77644	0.00019948134849391582
14843	0.00019948134849391582
81096	0.00019948134849391582
14714	0.00019948134849391582
01211	0.00019948134849391582
13250	0.00019948134849391582
13391	0.00019948134849391582
14755	0.00019948134849391582
71090	0.00019948134849391582
11896	0.00019948134849391582
76107	0.00019948134849391582
23465	0.00019948134849391582
87005	0.00019948134849391582
72878	0.00019948134849391582
19841	0.00019948134849391582
24691	0.00019948134849391582
14753	0.00019948134849391582
00298	0.00019948134849391582
19808	0.00019948134849391582
96109	0.00019948134849391582
22113	0.00019948134849391582
13388	0.00019948134849391582
32937	0.00019948134849391582
02024	0.00019948134849391582
01223	0.00019948134849391582
01243	0.00019948134849391582
70037	0.00019948134849391582
62505	0.00019948134849391582
89284	0.00019948134849391582
65432	0.00019948134849391582
11079	0.00019948134849391582
30071	0.00019948134849391582
13201	0.00019948134849391582
64645	0.00019948134849391582
12161	0.00019948134849391582
41991	0.00019948134849391582
12193	0.00019948134849391582
95311	0.00019948134849391582
06587	0.00019948134849391582
12982	0.00019948134849391582
30179	0.00019948134849391582
28916	0.00019948134849391582
27989	0.00019948134849391582
01245	0.00019948134849391582
14597	0.00019948134849391582
72412	0.00019948134849391582
28589	0.00019948134849391582
01659	0.00019948134849391582
40129	0.00019948134849391582
20151	0.00019948134849391582
74211	0.00019948134849391582
13189	0.00019948134849391582
30688	0.00019948134849391582
12386	0.00019948134849391582
29191	0.00019948134849391582
84264	0.00019948134849391582
19211	0.00019948134849391582
15913	0.00019948134849391582
76637	0.00019948134849391582
80321	0.00019948134849391582
15114	0.00019948134849391582
24190	0.00019948134849391582
48085	0.00019948134849391582
15221	0.00019948134849391582
95225	0.00019948134849391582
10032	0.00019948134849391582
12712	0.00019948134849391582
54749	0.00019948134849391582
20494	0.00019948134849391582
61020	0.00019948134849391582
17212	0.00019948134849391582
21393	0.00019948134849391582
44364	0.00019948134849391582
10391	0.00019948134849391582
91296	0.00019948134849391582
25591	0.00019948134849391582
22889	0.00019948134849391582
17772	0.00019948134849391582
30489	0.00019948134849391582
10721	0.00019948134849391582
14068	0.00019948134849391582
81040	0.00019948134849391582
56462	0.00019948134849391582
88701	0.00019948134849391582
32489	0.00019948134849391582
02199	0.00019948134849391582
22345	0.00019948134849391582
97820	0.00019948134849391582
21111	0.00019948134849391582
19389	0.00019948134849391582
91018	0.00019948134849391582
54514	0.00019948134849391582
40025	0.00019948134849391582
21087	0.00019948134849391582
12433	0.00019948134849391582
09184	0.00019948134849391582
89924	0.00019948134849391582
01991	0.00019948134849391582
04885	0.00019948134849391582
66092	0.00019948134849391582
87654	0.00019948134849391582
71291	0.00019948134849391582
77043	0.00019948134849391582
91231	0.00019948134849391582
19843	0.00019948134849391582
19497	0.00019948134849391582
22112	0.00019948134849391582
26187	0.00019948134849391582
19078	0.00019948134849391582
72980	0.00019948134849391582
00772	0.00019948134849391582
20141	0.00019948134849391582
19952	0.00019948134849391582
30798	0.00019948134849391582
17593	0.00019948134849391582
19694	0.00019948134849391582
20392	0.00019948134849391582
11031	0.00019948134849391582
84031	0.00019948134849391582
56326	0.00019948134849391582
29051	0.00019948134849391582
13013	0.00019948134849391582
24889	0.00019948134849391582
67400	0.00019948134849391582
27235	0.00019948134849391582
13596	0.00019948134849391582
25993	0.00019948134849391582
10491	0.00019948134849391582
27589	0.00019948134849391582
31297	0.00019948134849391582
12121	0.00019948134849391582
55090	0.00019948134849391582
44012	0.00019948134849391582
22233	0.00019948134849391582
45331	0.00019948134849391582
11212	0.00019948134849391582
29161	0.00019948134849391582
12999	0.00019948134849391582
17935	0.00019948134849391582
07005	0.00019948134849391582
11352	0.00019948134849391582
20693	0.00019948134849391582
06513	0.00019948134849391582
08312	0.00019948134849391582
09024	0.00019948134849391582
79640	0.00019948134849391582
95158	0.00019948134849391582
20051	0.00019948134849391582
24892	0.00019948134849391582
22687	0.00019948134849391582
21786	0.00019948134849391582
24117	0.00019948134849391582
98755	0.00019948134849391582
19894	0.00019948134849391582
25099	0.00019948134849391582
22101	0.00019948134849391582
23451	0.00019948134849391582
16554	0.00019948134849391582
15122	0.00019948134849391582
23592	0.00019948134849391582
11540	0.00019948134849391582
90654	0.00019948134849391582
24745	0.00019948134849391582
16275	0.00019948134849391582
33412	0.00019948134849391582
27151	0.00019948134849391582
14569	0.00019948134849391582
15579	0.00019948134849391582
17990	0.00019948134849391582
31234	0.00019948134849391582
16886	0.00019948134849391582
75838	0.00019948134849391582
18482	0.00019948134849391582
12305	0.00019948134849391582
26933	0.00019948134849391582
21598	0.00019948134849391582
12324	0.00019948134849391582
43122	0.00019948134849391582
52005	0.00019948134849391582
10049	0.00019948134849391582
06878	0.00019948134849391582
51511	0.00019948134849391582
10900	0.00019948134849391582
64644	0.00019948134849391582
29148	0.00019948134849391582
11520	0.00019948134849391582
47050	0.00019948134849391582
20411	0.00019948134849391582
11112	0.00019948134849391582
18390	0.00019948134849391582
12000	0.00019948134849391582
12490	0.00019948134849391582
26591	0.00019948134849391582
13140	0.00019948134849391582
22778	0.00019948134849391582
74185	0.00019948134849391582
19970	0.00019948134849391582
14472	0.00019948134849391582
22795	0.00019948134849391582
76111	0.00019948134849391582
85628	0.00019948134849391582
00225	0.00019948134849391582
25250	0.00019948134849391582
39188	0.00019948134849391582
26743	0.00019948134849391582
82321	0.00019948134849391582
84253	0.00019948134849391582
01264	0.00019948134849391582
24653	0.00019948134849391582
27792	0.00019948134849391582
11922	0.00019948134849391582
85213	0.00019948134849391582
26693	0.00019948134849391582
02457	0.00019948134849391582
26788	0.00019948134849391582
31196	0.00019948134849391582
56889	0.00019948134849391582
27945	0.00019948134849391582
15791	0.00019948134849391582
53569	0.00019948134849391582
41989	0.00019948134849391582
30981	0.00019948134849391582
22121	0.00019948134849391582
09191	0.00019948134849391582
35053	0.00019948134849391582
12942	0.00019948134849391582
03789	0.00019948134849391582
84889	0.00019948134849391582
13112	0.00019948134849391582
53939	0.00019948134849391582
22599	0.00019948134849391582
16989	0.00019948134849391582
29488	0.00019948134849391582
95955	0.00019948134849391582
78321	0.00019948134849391582
61297	0.00019948134849391582
09687	0.00019948134849391582
15896	0.00019948134849391582
14129	0.00019948134849391582
19612	0.00019948134849391582
12109	0.00019948134849391582
50133	0.00019948134849391582
15240	0.00019948134849391582
22508	0.00019948134849391582
20781	0.00019948134849391582
23291	0.00019948134849391582
76047	0.00019948134849391582
13986	0.00019948134849391582
22792	0.00019948134849391582
66253	0.00019948134849391582
22026	0.00019948134849391582
20023	0.00019948134849391582
24513	0.00019948134849391582
25213	0.00019948134849391582
14234	0.00019948134849391582
82428	0.00019948134849391582
81089	0.00019948134849391582
91183	0.00019948134849391582
12908	0.00019948134849391582
21234	0.00019948134849391582
71029	0.00019948134849391582
09833	0.00019948134849391582
66901	0.00019948134849391582
15968	0.00019948134849391582
17621	0.00019948134849391582
83536	0.00019948134849391582
10800	0.00019948134849391582
16712	0.00019948134849391582
20197	0.00019948134849391582
31991	0.00019948134849391582
22134	0.00019948134849391582
56592	0.00019948134849391582
91421	0.00019948134849391582
13687	0.00019948134849391582
37273	0.00019948134849391582
13795	0.00019948134849391582
51200	0.00019948134849391582
21123	0.00019948134849391582
48813	0.00019948134849391582
10392	0.00019948134849391582
18193	0.00019948134849391582
12334	0.00019948134849391582
14760	0.00019948134849391582
71214	0.00019948134849391582
22123	0.00019948134849391582
81350	0.00019948134849391582
32695	0.00019948134849391582
24456	0.00019948134849391582
51093	0.00019948134849391582
41086	0.00019948134849391582
23124	0.00019948134849391582
87264	0.00019948134849391582
77700	0.00019948134849391582
49891	0.00019948134849391582
21228	0.00019948134849391582
36123	0.00019948134849391582
20588	0.00019948134849391582
00114	0.00019948134849391582
91089	0.00019948134849391582
41852	0.00019948134849391582
10249	0.00019948134849391582
51190	0.00019948134849391582
91253	0.00019948134849391582
97531	0.00019948134849391582
19491	0.00019948134849391582
61364	0.00019948134849391582
92156	0.00019948134849391582
15295	0.00019948134849391582
13215	0.00019948134849391582
16186	0.00019948134849391582
19871	0.00019948134849391582
12353	0.00019948134849391582
62518	0.00019948134849391582
24236	0.00019948134849391582
50223	0.00019948134849391582
22536	0.00019948134849391582
25871	0.00019948134849391582
01644	0.00019948134849391582
89595	0.00019948134849391582
51285	0.00019948134849391582
29405	0.00019948134849391582
71112	0.00019948134849391582
10568	0.00019948134849391582
12491	0.00019948134849391582
78296	0.00019948134849391582
45600	0.00019948134849391582
30893	0.00019948134849391582
73789	0.00019948134849391582
16960	0.00019948134849391582
21115	0.00019948134849391582
18490	0.00019948134849391582
96776	0.00019948134849391582
10190	0.00019948134849391582
10488	0.00019948134849391582
22105	0.00019948134849391582
10111	0.00019948134849391582
04201	0.00019948134849391582
15250	0.00019948134849391582
29011	0.00019948134849391582
13296	0.00019948134849391582
14723	0.00019948134849391582
69869	0.00019948134849391582
40703	0.00019948134849391582
28162	0.00019948134849391582
15018	0.00019948134849391582
10606	0.00019948134849391582
21191	0.00019948134849391582
49571	0.00019948134849391582
10087	0.00019948134849391582
16789	0.00019948134849391582
79823	0.00019948134849391582
13390	0.00019948134849391582
15389	0.00019948134849391582
28894	0.00019948134849391582
25897	0.00019948134849391582
28585	0.00019948134849391582
17800	0.00019948134849391582
76119	0.00019948134849391582
53426	0.00019948134849391582
54611	0.00019948134849391582
11782	0.00019948134849391582
12103	0.00019948134849391582
00100	0.00019948134849391582
13011	0.00019948134849391582
01268	0.00019948134849391582
15589	0.00019948134849391582
41102	0.00019948134849391582
89229	0.00019948134849391582
00089	0.00019948134849391582
17393	0.00019948134849391582
88437	0.00019948134849391582
23191	0.00019948134849391582
17782	0.00019948134849391582
19567	0.00019948134849391582
77601	0.00019948134849391582
88910	0.00019948134849391582
86400	0.00019948134849391582
21093	0.00019948134849391582
02903	0.00019948134849391582
18245	0.00019948134849391582
21346	0.00019948134849391582
40404	0.00019948134849391582
56571	0.00019948134849391582
94102	0.00019948134849391582
22783	0.00019948134849391582
78936	0.00019948134849391582
00700	0.00019948134849391582
25388	0.00019948134849391582
15687	0.00019948134849391582
75111	0.00019948134849391582
16178	0.00019948134849391582
12991	0.00019948134849391582
22323	0.00019948134849391582
24612	0.00019948134849391582
00954	0.00019948134849391582
24890	0.00019948134849391582
27847	0.00019948134849391582
71122	0.00019948134849391582
26790	0.00019948134849391582
30588	0.00019948134849391582
49402	0.00019948134849391582
13028	0.00019948134849391582
17489	0.00019948134849391582
98751	0.00019948134849391582
55460	0.00019948134849391582
01789	0.00019948134849391582
21595	0.00019948134849391582
11354	0.00019948134849391582
10821	0.00019948134849391582
39096	0.00019948134849391582
89008	0.00019948134849391582
14988	0.00019948134849391582
14568	0.00019948134849391582
34679	0.00019948134849391582
10597	0.00019948134849391582
81991	0.00019948134849391582
17787	0.00019948134849391582
00304	0.00019948134849391582
24487	0.00019948134849391582
20986	0.00019948134849391582
19830	0.00019948134849391582
16111	0.00019948134849391582
86733	0.00019948134849391582
27234	0.00019948134849391582
11793	0.00019948134849391582
80832	0.00019948134849391582
13385	0.00019948134849391582
07985	0.00019948134849391582
35913	0.00019948134849391582
88823	0.00019948134849391582
25798	0.00019948134849391582
16578	0.00019948134849391582
41202	0.00019948134849391582
19782	0.00019948134849391582
61282	0.00019948134849391582
19855	0.00019948134849391582
27286	0.00019948134849391582
07982	0.00019948134849391582
99789	0.00019948134849391582
56373	0.00019948134849391582
78264	0.00019948134849391582
25741	0.00019948134849391582
27894	0.00019948134849391582
20492	0.00019948134849391582
30590	0.00019948134849391582
91711	0.00019948134849391582
08911	0.00019948134849391582
16211	0.00019948134849391582
48078	0.00019948134849391582
12791	0.00019948134849391582
19234	0.00019948134849391582
28288	0.00019948134849391582
14588	0.00019948134849391582
08032	0.00019948134849391582
72146	0.00019948134849391582
97226	0.00019948134849391582
20983	0.00019948134849391582
86999	0.00019948134849391582
24193	0.00019948134849391582
31211	0.00019948134849391582
30772	0.00019948134849391582
38128	0.00019948134849391582
10872	0.00019948134849391582
13254	0.00019948134849391582
11981	0.00019948134849391582
01205	0.00019948134849391582
64011	0.00019948134849391582
12013	0.00019948134849391582
24611	0.00019948134849391582
28527	0.00019948134849391582
12211	0.00019948134849391582
18610	0.00019948134849391582
21586	0.00019948134849391582
21792	0.00019948134849391582
10069	0.00019948134849391582
71085	0.00019948134849391582
35421	0.00019948134849391582
09190	0.00019948134849391582
31643	0.00019948134849391582
81828	0.00019948134849391582
21079	0.00019948134849391582
38225	0.00019948134849391582
21685	0.00019948134849391582
01557	0.00019948134849391582
19523	0.00019948134849391582
28934	0.00019948134849391582
22190	0.00019948134849391582
38417	0.00019948134849391582
32710	0.00019948134849391582
24388	0.00019948134849391582
33289	0.00019948134849391582
20692	0.00019948134849391582
20106	0.00019948134849391582
60141	0.00019948134849391582
82244	0.00019948134849391582
10743	0.00019948134849391582
97386	0.00019948134849391582
54128	0.00019948134849391582
31206	0.00019948134849391582
61919	0.00019948134849391582
23790	0.00019948134849391582
16288	0.00019948134849391582
12990	0.00019948134849391582
57603	0.00019948134849391582
12112	0.00019948134849391582
20398	0.00019948134849391582
11089	0.00019948134849391582
31510	0.00019948134849391582
76766	0.00019948134849391582
16045	0.00019948134849391582
71566	0.00019948134849391582
18596	0.00019948134849391582
19812	0.00019948134849391582
14510	0.00019948134849391582
11293	0.00019948134849391582
13625	0.00019948134849391582
02130	0.00019948134849391582
31806	0.00019948134849391582
21100	0.00019948134849391582
19289	0.00019948134849391582
01658	0.00019948134849391582
25698	0.00019948134849391582
46264	0.00019948134849391582
13213	0.00019948134849391582
03084	0.00019948134849391582
32600	0.00019948134849391582
16387	0.00019948134849391582
09307	0.00019948134849391582
13786	0.00019948134849391582
97977	0.00019948134849391582
26499	0.00019948134849391582
29127	0.00019948134849391582
91204	0.00019948134849391582
14747	0.00019948134849391582
12435	0.00019948134849391582
20384	0.00019948134849391582
96954	0.00019948134849391582
12890	0.00019948134849391582
76229	0.00019948134849391582
18457	0.00019948134849391582
16183	0.00019948134849391582
91291	0.00019948134849391582
16121	0.00019948134849391582
53285	0.00019948134849391582
17158	0.00019948134849391582
66356	0.00019948134849391582
57116	0.00019948134849391582
71989	0.00019948134849391582
91188	0.00019948134849391582
34690	0.00019948134849391582
41006	0.00019948134849391582
26793	0.00019948134849391582
10291	0.00019948134849391582
25386	0.00019948134849391582
91020	0.00019948134849391582
41290	0.00019948134849391582
26795	0.00019948134849391582
12480	0.00019948134849391582
67518	0.00019948134849391582
21321	0.00019948134849391582
14725	0.00019948134849391582
16187	0.00019948134849391582
29123	0.00019948134849391582
56000	0.00019948134849391582
06112	0.00019948134849391582
91088	0.00019948134849391582
10088	0.00019948134849391582
67762	0.00019948134849391582
00295	0.00019948134849391582
21088	0.00019948134849391582
42345	0.00019948134849391582
40602	0.00019948134849391582
56295	0.00019948134849391582
51328	0.00019948134849391582
17697	0.00019948134849391582
09581	0.00019948134849391582
89953	0.00019948134849391582
29984	0.00019948134849391582
41213	0.00019948134849391582
24510	0.00019948134849391582
11207	0.00019948134849391582
27995	0.00019948134849391582
77357	0.00019948134849391582
81299	0.00019948134849391582
70873	0.00019948134849391582
10892	0.00019948134849391582
53254	0.00019948134849391582
33444	0.00019948134849391582
45615	0.00019948134849391582
21280	0.00019948134849391582
10490	0.00019948134849391582
29485	0.00019948134849391582
17611	0.00019948134849391582
18893	0.00019948134849391582
14159	0.00019948134849391582
87780	0.00019948134849391582
53238	0.00019948134849391582
82277	0.00019948134849391582
79378	0.00019948134849391582
84488	0.00019948134849391582
31379	0.00019948134849391582
11149	0.00019948134849391582
20048	0.00019948134849391582
28699	0.00019948134849391582
24383	0.00019948134849391582
11889	0.00019948134849391582
12598	0.00019948134849391582
11310	0.00019948134849391582
30597	0.00019948134849391582
09098	0.00019948134849391582
21315	0.00019948134849391582
15535	0.00019948134849391582
16987	0.00019948134849391582
10534	0.00019948134849391582
67073	0.00019948134849391582
12988	0.00019948134849391582
90379	0.00019948134849391582
14799	0.00019948134849391582
33641	0.00019948134849391582
14983	0.00019948134849391582
25901	0.00019948134849391582
23198	0.00019948134849391582
18555	0.00019948134849391582
10007	0.00019948134849391582
12288	0.00019948134849391582
20493	0.00019948134849391582
01513	0.00019948134849391582
12785	0.00019948134849391582
91186	0.00019948134849391582
28887	0.00019948134849391582
11109	0.00019948134849391582
11324	0.00019948134849391582
23691	0.00019948134849391582
29562	0.00019948134849391582
69121	0.00019948134849391582
09340	0.00019948134849391582
59866	0.00019948134849391582
78989	0.00019948134849391582
29205	0.00019948134849391582
30692	0.00019948134849391582
00118	0.00019948134849391582
10192	0.00019948134849391582
01285	0.00019948134849391582
88268	0.00019948134849391582
24111	0.00019948134849391582
10052	0.00019948134849391582
23697	0.00019948134849391582
11902	0.00019948134849391582
23886	0.00019948134849391582
46319	0.00019948134849391582
13294	0.00019948134849391582
04315	0.00019948134849391582
32960	0.00019948134849391582
50519	0.00019948134849391582
12145	0.00019948134849391582
57526	0.00019948134849391582
69456	0.00019948134849391582
09090	0.00019948134849391582
22016	0.00019948134849391582
31998	0.00019948134849391582
13790	0.00019948134849391582
66618	0.00019948134849391582
19941	0.00019948134849391582
11190	0.00019948134849391582
01643	0.00019948134849391582
12906	0.00019948134849391582
52944	0.00019948134849391582
76221	0.00019948134849391582
37921	0.00019948134849391582
25121	0.00019948134849391582
25503	0.00019948134849391582
72277	0.00019948134849391582
15969	0.00019948134849391582
15890	0.00019948134849391582
01210	0.00019948134849391582
23990	0.00019948134849391582
10102	0.00019948134849391582
98917	0.00019948134849391582
07078	0.00019948134849391582
51990	0.00019948134849391582
99013	0.00019948134849391582
08642	0.00019948134849391582
78946	0.00019948134849391582
74151	0.00019948134849391582
93122	0.00019948134849391582
40120	0.00019948134849391582
15790	0.00019948134849391582
96178	0.00019948134849391582
00771	0.00019948134849391582
31188	0.00019948134849391582
32010	0.00019948134849391582
29137	0.00019948134849391582
39078	0.00019948134849391582
32023	0.00019948134849391582
93519	0.00019948134849391582
53669	0.00019948134849391582
91191	0.00019948134849391582
24376	0.00019948134849391582
38669	0.00019948134849391582
21772	0.00019948134849391582
26489	0.00019948134849391582
16762	0.00019948134849391582
15978	0.00019948134849391582
27385	0.00019948134849391582
75605	0.00019948134849391582
43215	0.00019948134849391582
28385	0.00019948134849391582
01646	0.00019948134849391582
14862	0.00019948134849391582
01992	0.00019948134849391582
45980	0.00019948134849391582
40270	0.00019948134849391582
71185	0.00019948134849391582
23999	0.00019948134849391582
40170	0.00019948134849391582
45738	0.00019948134849391582
45900	0.00019948134849391582
30890	0.00019948134849391582
20056	0.00019948134849391582
24154	0.00019948134849391582
19935	0.00019948134849391582
51184	0.00019948134849391582
65231	0.00019948134849391582
28309	0.00019948134849391582
33344	0.00019948134849391582
15584	0.00019948134849391582
40430	0.00019948134849391582
14399	0.00019948134849391582
40410	0.00019948134849391582
20144	0.00019948134849391582
49301	0.00019948134849391582
45910	0.00019948134849391582
76461	0.00019948134849391582
16414	0.00019948134849391582
45940	0.00019948134849391582
19987	0.00019948134849391582
81985	0.00019948134849391582
01698	0.00019948134849391582
71189	0.00019948134849391582
40000	0.00019948134849391582
02310	0.00019948134849391582
11901	0.00019948134849391582
19982	0.00019948134849391582
51297	0.00019948134849391582
41200	0.00019948134849391582
72318	0.00019948134849391582
10494	0.00019948134849391582
24864	0.00019948134849391582
10498	0.00019948134849391582
20029	0.00019948134849391582
13120	0.00019948134849391582
11113	0.00019948134849391582
41999	0.00019948134849391582
20154	0.00019948134849391582
45673	0.00019948134849391582
20481	0.00019948134849391582
14520	0.00019948134849391582
39393	0.00019948134849391582
40140	0.00019948134849391582
38298	0.00019948134849391582
98936	0.00019948134849391582
58664	0.00019948134849391582
12151	0.00019948134849391582
51293	0.00019948134849391582
40090	0.00019948134849391582
40150	0.00019948134849391582
10499	0.00019948134849391582
22610	0.00019948134849391582
27889	0.00019948134849391582
19008	0.00019948134849391582
10588	0.00019948134849391582
01043	0.00019948134849391582
12116	0.00019948134849391582
10493	0.00019948134849391582
23116	0.00019948134849391582
11466	0.00019948134849391582
32145	0.00019948134849391582
49794	0.00019948134849391582
40400	0.00019948134849391582
31596	0.00019948134849391582
12245	0.00019948134849391582
20137	0.00019948134849391582
19966	0.00019948134849391582
27293	0.00019948134849391582
40330	0.00019948134849391582
96986	0.00019948134849391582
99086	0.00019948134849391582
21982	0.00019948134849391582
20155	0.00019948134849391582
92152	0.00019948134849391582
76826	0.00019948134849391582
20147	0.00019948134849391582
40040	0.00019948134849391582
45820	0.00019948134849391582
40340	0.00019948134849391582
78998	0.00019948134849391582
99087	0.00019948134849391582
40070	0.00019948134849391582
45810	0.00019948134849391582
12697	0.00019948134849391582
12898	0.00019948134849391582
40240	0.00019948134849391582
71212	0.00019948134849391582
51994	0.00019948134849391582
21647	0.00019948134849391582
20146	0.00019948134849391582
25392	0.00019948134849391582
26100	0.00019948134849391582
40110	0.00019948134849391582
66341	0.00019948134849391582
20136	0.00019948134849391582
19938	0.00019948134849391582
16998	0.00019948134849391582
76746	0.00019948134849391582
91410	0.00019948134849391582
20057	0.00019948134849391582
40420	0.00019948134849391582
19985	0.00019948134849391582
40080	0.00019948134849391582
45800	0.00019948134849391582
20121	0.00019948134849391582
13111	0.00019948134849391582
11994	0.00019948134849391582
20980	0.00019948134849391582
72238	0.00019948134849391582
25996	0.00019948134849391582
20156	0.00019948134849391582
26289	0.00019948134849391582
89131	0.00019948134849391582
16137	0.00019948134849391582
25592	0.00019948134849391582
71089	0.00019948134849391582
19596	0.00019948134849391582
19984	0.00019948134849391582
40160	0.00019948134849391582
20058	0.00019948134849391582
22118	0.00019948134849391582
31001	0.00019948134849391582
02424	0.00019948134849391582
10345	0.00019948134849391582
03158	0.00019948134849391582
20033	0.00019948134849391582
10764	0.00019948134849391582
27389	0.00019948134849391582
10989	0.00019948134849391582
19777	0.00019948134849391582
01232	0.00019948134849391582
10688	0.00019948134849391582
14289	0.00019948134849391582
18889	0.00019948134849391582
67980	0.00019948134849391582
11523	0.00019948134849391582
19735	0.00019948134849391582
57039	0.00019948134849391582
34234	0.00019948134849391582
20922	0.00019948134849391582
59275	0.00019948134849391582
45970	0.00019948134849391582
12002	0.00019948134849391582
10497	0.00019948134849391582
19989	0.00019948134849391582
40220	0.00019948134849391582
19934	0.00019948134849391582
19852	0.00019948134849391582
34321	0.00019948134849391582
20055	0.00019948134849391582
21121	0.00019948134849391582
90092	0.00019948134849391582
12001	0.00019948134849391582
40100	0.00019948134849391582
29978	0.00019948134849391582
19995	0.00019948134849391582
11900	0.00019948134849391582
88101	0.00019948134849391582
56321	0.00019948134849391582
76145	0.00019948134849391582
11903	0.00019948134849391582
40350	0.00019948134849391582
96999	0.00019948134849391582
40290	0.00019948134849391582
15263	0.00019948134849391582
20138	0.00019948134849391582
94568	0.00019948134849391582
00789	0.00019948134849391582
37979	0.00019948134849391582
39000	0.00019948134849391582
40010	0.00019948134849391582
19988	0.00019948134849391582
02456	0.00019948134849391582
67558	0.00019948134849391582
20152	0.00019948134849391582
65140	0.00019948134849391582
10231	0.00019948134849391582
98379	0.00019948134849391582
97768	0.00019948134849391582
40190	0.00019948134849391582
45930	0.00019948134849391582
19936	0.00019948134849391582
35128	0.00019948134849391582
14390	0.00019948134849391582
93050	0.00019948134849391582
53166	0.00019948134849391582
11321	0.00019948134849391582
10496	0.00019948134849391582
23389	0.00019948134849391582
26590	0.00019948134849391582
12476	0.00019948134849391582
13000	0.00019948134849391582
18312	0.00019948134849391582
02462	0.00019948134849391582
10713	0.00019948134849391582
63123	0.00019948134849391582
89123	0.00019948134849391582
89536	0.00019948134849391582
20591	0.00019948134849391582
15412	0.00019948134849391582
15177	0.00019948134849391582
20143	0.00019948134849391582
45920	0.00019948134849391582
27826	0.00019948134849391582
19911	0.00019948134849391582
10388	0.00019948134849391582
01996	0.00019948134849391582
40200	0.00019948134849391582
74159	0.00019948134849391582
01648	0.00019948134849391582
55456	0.00019948134849391582
15469	0.00019948134849391582
11001	0.00019948134849391582
18852	0.00019948134849391582
10370	0.00019948134849391582
10687	0.00019948134849391582
27581	0.00019948134849391582
20139	0.00019948134849391582
22006	0.00019948134849391582
19986	0.00019948134849391582
08097	0.00019948134849391582
11299	0.00019948134849391582
19980	0.00019948134849391582
34523	0.00019948134849391582
54487	0.00019948134849391582
21201	0.00019948134849391582
14536	0.00019948134849391582
21681	0.00019948134849391582
00269	0.00019948134849391582
75369	0.00019948134849391582
51978	0.00019948134849391582
40320	0.00019948134849391582
45612	0.00019948134849391582
15567	0.00019948134849391582
33312	0.00019948134849391582
45682	0.00019948134849391582
21399	0.00019948134849391582
40500	0.00019948134849391582
29395	0.00019948134849391582
20723	0.00019948134849391582
19943	0.00019948134849391582
51564	0.00019948134849391582
20205	0.00019948134849391582
25889	0.00019948134849391582
01254	0.00019948134849391582
19983	0.00019948134849391582
01392	0.00019948134849391582
10058	0.00019948134849391582
20088	0.00019948134849391582
16594	0.00019948134849391582
10001	0.00019948134849391582
20135	0.00019948134849391582
29798	0.00019948134849391582
21998	0.00019948134849391582
20059	0.00019948134849391582
45960	0.00019948134849391582
20898	0.00019948134849391582
28213	0.00019948134849391582
12376	0.00019948134849391582
42818	0.00019948134849391582
16513	0.00019948134849391582
20149	0.00019948134849391582
17500	0.00019948134849391582
01636	0.00019948134849391582
21145	0.00019948134849391582
27597	0.00019948134849391582
45850	0.00019948134849391582
01678	0.00019948134849391582
12377	0.00019948134849391582
13320	0.00019948134849391582
64481	0.00019948134849391582
12794	0.00019948134849391582
27109	0.00019948134849391582
02015	0.00019948134849391582
32343	0.00019948134849391582
81994	0.00019948134849391582
41292	0.00019948134849391582
82465	0.00019948134849391582
25009	0.00019948134849391582
20347	0.00019948134849391582
46666	0.00019948134849391582
28495	0.00019948134849391582
11489	0.00019948134849391582
20157	0.00019948134849391582
25433	0.00019948134849391582
47258	0.00019948134849391582
19886	0.00019948134849391582
40061	0.00019948134849391582
19962	0.00019948134849391582
11080	0.00019948134849391582
26827	0.00019948134849391582
01662	0.00019948134849391582
61997	0.00019948134849391582
71929	0.00019948134849391582
45647	0.00019948134849391582
86868	0.00019948134849391582
31508	0.00019948134849391582
41073	0.00019948134849391582
23393	0.00019948134849391582
20134	0.00019948134849391582
25587	0.00019948134849391582
98208	0.00019948134849391582
11494	0.00019948134849391582
25400	0.00019948134849391582
61158	0.00019948134849391582
23612	0.00019948134849391582
12658	0.00019948134849391582
48140	0.00019948134849391582
01633	0.00019948134849391582
27913	0.00019948134849391582
92005	0.00019948134849391582
01720	0.00019948134849391582
26996	0.00019948134849391582
19884	0.00019948134849391582
89656	0.00019948134849391582
20926	0.00019948134849391582
84562	0.00019948134849391582
19930	0.00019948134849391582
21892	0.00019948134849391582
06785	0.00019948134849391582
24792	0.00019948134849391582
15587	0.00019948134849391582
11291	0.00019948134849391582
66103	0.00019948134849391582
13276	0.00019948134849391582
08254	0.00019948134849391582
23495	0.00019948134849391582
01668	0.00019948134849391582
27483	0.00019948134849391582
55382	0.00019948134849391582
90000	0.00019948134849391582
55327	0.00019948134849391582
72197	0.00019948134849391582
11278	0.00019948134849391582
74488	0.00019948134849391582
67891	0.00019948134849391582
02009	0.00019948134849391582
10783	0.00019948134849391582
37534	0.00019948134849391582
36015	0.00019948134849391582
86162	0.00019948134849391582
18788	0.00019948134849391582
36879	0.00019948134849391582
12907	0.00019948134849391582
12357	0.00019948134849391582
01993	0.00019948134849391582
01639	0.00019948134849391582
19910	0.00019948134849391582
51950	0.00019948134849391582
99889	0.00019948134849391582
29192	0.00019948134849391582
01256	0.00019948134849391582
12329	0.00019948134849391582
16295	0.00019948134849391582
28417	0.00019948134849391582
01642	0.00019948134849391582
16162	0.00019948134849391582
21096	0.00019948134849391582
01209	0.00019948134849391582
11110	0.00019948134849391582
19866	0.00019948134849391582
13211	0.00019948134849391582
13489	0.00019948134849391582
45683	0.00019948134849391582
12789	0.00019948134849391582
62211	0.00019948134849391582
26599	0.00019948134849391582
27289	0.00019948134849391582
22503	0.00019948134849391582
29414	0.00019948134849391582
12987	0.00019948134849391582
31094	0.00019948134849391582
50238	0.00019948134849391582
21197	0.00019948134849391582
51379	0.00019948134849391582
10061	0.00019948134849391582
29987	0.00019948134849391582
78945	0.00019948134849391582
45830	0.00019948134849391582
65123	0.00019948134849391582
17284	0.00019948134849391582
14996	0.00019948134849391582
12893	0.00019948134849391582
18199	0.00019948134849391582
21791	0.00019948134849391582
33327	0.00019948134849391582
10355	0.00019948134849391582
40513	0.00019948134849391582
17388	0.00019948134849391582
73157	0.00019948134849391582
20158	0.00019948134849391582
27105	0.00019948134849391582
82000	0.00019948134849391582
13887	0.00019948134849391582
22125	0.00019948134849391582
42008	0.00019948134849391582
35689	0.00019948134849391582
15051	0.00019948134849391582
24000	0.00019948134849391582
96118	0.00019948134849391582
00559	0.00019948134849391582
24568	0.00019948134849391582
26898	0.00019948134849391582
20343	0.00019948134849391582
13292	0.00019948134849391582
28811	0.00019948134849391582
41311	0.00019948134849391582
16590	0.00019948134849391582
16393	0.00019948134849391582
20020	0.00019948134849391582
28792	0.00019948134849391582
40310	0.00019948134849391582
12467	0.00019948134849391582
07702	0.00019948134849391582
14434	0.00019948134849391582
10902	0.00019948134849391582
01594	0.00019948134849391582
13345	0.00019948134849391582
91094	0.00019948134849391582
15874	0.00019948134849391582
34335	0.00019948134849391582
12214	0.00019948134849391582
30346	0.00019948134849391582
42004	0.00019948134849391582
16668	0.00019948134849391582
24292	0.00019948134849391582
01221	0.00019948134849391582
26776	0.00019948134849391582
15989	0.00019948134849391582
41505	0.00019948134849391582
20987	0.00019948134849391582
40925	0.00019948134849391582
30384	0.00019948134849391582
28404	0.00019948134849391582
81185	0.00019948134849391582
16066	0.00019948134849391582
15789	0.00019948134849391582
13655	0.00019948134849391582
10269	0.00019948134849391582
89122	0.00019948134849391582
28996	0.00019948134849391582
40180	0.00019948134849391582
27610	0.00019948134849391582
10895	0.00019948134849391582
10006	0.00019948134849391582
30485	0.00019948134849391582
35087	0.00019948134849391582
18787	0.00019948134849391582
27997	0.00019948134849391582
48936	0.00019948134849391582
24294	0.00019948134849391582
24991	0.00019948134849391582
07612	0.00019948134849391582
16287	0.00019948134849391582
33938	0.00019948134849391582
23305	0.00019948134849391582
86104	0.00019948134849391582
83517	0.00019948134849391582
61168	0.00019948134849391582
21546	0.00019948134849391582
19800	0.00019948134849391582
01426	0.00019948134849391582
74119	0.00019948134849391582
86007	0.00019948134849391582
40030	0.00019948134849391582
30794	0.00019948134849391582
72145	0.00019948134849391582
20691	0.00019948134849391582
12212	0.00019948134849391582
31265	0.00019948134849391582
16123	0.00019948134849391582
09012	0.00019948134849391582
01475	0.00019948134849391582
15489	0.00019948134849391582
38007	0.00019948134849391582
00113	0.00019948134849391582
23890	0.00019948134849391582
14491	0.00019948134849391582
28983	0.00019948134849391582
28865	0.00019948134849391582
45770	0.00019948134849391582
20046	0.00019948134849391582
95487	0.00019948134849391582
16209	0.00019948134849391582
13792	0.00019948134849391582
28989	0.00019948134849391582
82511	0.00019948134849391582
18411	0.00019948134849391582
10789	0.00019948134849391582
11826	0.00019948134849391582
85567	0.00019948134849391582
13297	0.00019948134849391582
32623	0.00019948134849391582
11002	0.00019948134849391582
01998	0.00019948134849391582
73274	0.00019948134849391582
00711	0.00019948134849391582
12992	0.00019948134849391582
54264	0.00019948134849391582
54631	0.00019948134849391582
78900	0.00019948134849391582
76162	0.00019948134849391582
98246	0.00019948134849391582
02390	0.00019948134849391582
48846	0.00019948134849391582
11990	0.00019948134849391582
56912	0.00019948134849391582
14778	0.00019948134849391582
11992	0.00019948134849391582
15788	0.00019948134849391582
33621	0.00019948134849391582
18882	0.00019948134849391582
56456	0.00019948134849391582
77622	0.00019948134849391582
21294	0.00019948134849391582
00111	0.00019948134849391582
00004	0.00019948134849391582
11231	0.00019948134849391582
28788	0.00019948134849391582
25294	0.00019948134849391582
87192	0.00019948134849391582
13255	0.00019948134849391582
10691	0.00019948134849391582
06666	0.00019948134849391582
21193	0.00019948134849391582
12764	0.00019948134849391582
71246	0.00019948134849391582
02246	0.00019948134849391582
28456	0.00019948134849391582
77646	0.00019948134849391582
21390	0.00019948134849391582
01694	0.00019948134849391582
15485	0.00019948134849391582
10214	0.00019948134849391582
42625	0.00019948134849391582
21031	0.00019948134849391582
12389	0.00019948134849391582
96123	0.00019948134849391582
16583	0.00019948134849391582
17889	0.00019948134849391582
51186	0.00019948134849391582
57528	0.00019948134849391582
58710	0.00019948134849391582
14188	0.00019948134849391582
33110	0.00019948134849391582
12693	0.00019948134849391582
40147	0.00019948134849391582
01414	0.00019948134849391582
03123	0.00019948134849391582
86182	0.00019948134849391582
05033	0.00019948134849391582
10050	0.00019948134849391582
25879	0.00019948134849391582
30494	0.00019948134849391582
14555	0.00019948134849391582
61290	0.00019948134849391582
26669	0.00019948134849391582
26483	0.00019948134849391582
11708	0.00019948134849391582
96517	0.00019948134849391582
15689	0.00019948134849391582
17895	0.00019948134849391582
90401	0.00019948134849391582
91945	0.00019948134849391582
76469	0.00019948134849391582
10593	0.00019948134849391582
20998	0.00019948134849391582
12303	0.00019948134849391582
30287	0.00019948134849391582
15768	0.00019948134849391582
21793	0.00019948134849391582
11911	0.00019948134849391582
10411	0.00019948134849391582
13392	0.00019948134849391582
21596	0.00019948134849391582
91992	0.00019948134849391582
00455	0.00019948134849391582
62494	0.00019948134849391582
12186	0.00019948134849391582
96027	0.00019948134849391582
16984	0.00019948134849391582
31383	0.00019948134849391582
72011	0.00019948134849391582
12352	0.00019948134849391582
11802	0.00019948134849391582
15478	0.00019948134849391582
20702	0.00019948134849391582
19010	0.00019948134849391582
19890	0.00019948134849391582
40202	0.00019948134849391582
70309	0.00019948134849391582
02840	0.00019948134849391582
46710	0.00019948134849391582
23489	0.00019948134849391582
26892	0.00019948134849391582
31197	0.00019948134849391582
50308	0.00019948134849391582
20390	0.00019948134849391582
14488	0.00019948134849391582
01655	0.00019948134849391582
26887	0.00019948134849391582
01357	0.00019948134849391582
07909	0.00019948134849391582
41091	0.00019948134849391582
01478	0.00019948134849391582
12060	0.00019948134849391582
01635	0.00019948134849391582
61336	0.00019948134849391582
76713	0.00019948134849391582
12233	0.00019948134849391582
57270	0.00019948134849391582
28298	0.00019948134849391582
21289	0.00019948134849391582
21091	0.00019948134849391582
20889	0.00019948134849391582
10319	0.00019948134849391582
