1995	0.05367510809141445
1993	0.052378011117974056
1994	0.05120444718962323
1992	0.05033971587399629
1996	0.04756022235948116
1991	0.04657195799876467
1997	0.046448424953675106
1990	0.043421865348980855
1998	0.03897467572575664
1989	0.03848054354539839
2010	0.031871525633106856
1987	0.029833230389129092
1988	0.029092032118591724
2011	0.02538604076590488
2009	0.024027177269919705
2012	0.023841877702285363
2000	0.02130945027794935
1985	0.020877084620135888
1986	0.02013588634959852
1999	0.02013588634959852
2002	0.019827053736874614
1984	0.01871525633106856
2001	0.018221124150710314
2013	0.016491661519456455
2008	0.015565163681284744
1983	0.015441630636195183
2003	0.015009264978381717
1982	0.014700432365657814
2014	0.01432983323038913
2007	0.011365040148239655
2004	0.010932674490426189
1981	0.010253242742433602
2005	0.009697344039530575
2006	0.00932674490426189
1980	0.008956145768993206
1979	0.007473749227918468
2015	0.006485484867201977
1977	0.004817788758492897
1978	0.0047560222359481165
1976	0.003953057442865966
1975	0.0037677578752316246
1974	0.0033353922174181594
1972	0.002903026559604694
1973	0.0021618282890673254
1900	0.002100061766522545
1910	0.0017294626312538604
1912	0.0016676961087090797
1971	0.0016676961087090797
1905	0.001605929586164299
1911	0.001605929586164299
1968	0.0014206300185299568
1970	0.0012970969734403953
1902	0.0011735639283508338
1909	0.0011735639283508338
1967	0.0011117974058060531
1908	0.0010500308832612725
2020	0.0010500308832612725
1904	0.0008029647930821495
1903	0.0007411982705373688
1966	0.000679431747992588
1907	0.000679431747992588
1965	0.000679431747992588
1969	0.000679431747992588
2016	0.000679431747992588
1906	0.0006176652254478073
1964	0.0004941321803582458
1957	0.0004941321803582458
2019	0.0004941321803582458
1901	0.0004941321803582458
1961	0.0004323656578134651
1962	0.0004323656578134651
1960	0.0004323656578134651
1963	0.0003705991352686844
2017	0.0003705991352686844
2030	0.0003705991352686844
2091	0.00030883261272390367
1954	0.00030883261272390367
1928	0.0002470660901791229
1953	0.0002470660901791229
1920	0.0002470660901791229
2018	0.0002470660901791229
1919	0.0002470660901791229
2099	0.0001852995676343422
2021	0.0001852995676343422
2090	0.0001852995676343422
2089	0.0001852995676343422
2098	0.0001852995676343422
1950	0.0001852995676343422
1947	0.0001852995676343422
2045	0.0001852995676343422
1955	0.0001852995676343422
1945	0.0001852995676343422
2080	0.00012353304508956145
1958	0.00012353304508956145
1959	0.00012353304508956145
1939	0.00012353304508956145
2032	0.00012353304508956145
2060	0.00012353304508956145
2035	0.00012353304508956145
1956	0.00012353304508956145
1948	0.00012353304508956145
2025	0.00012353304508956145
1949	0.00012353304508956145
2075	6.176652254478072e-05
2088	6.176652254478072e-05
1952	6.176652254478072e-05
1944	6.176652254478072e-05
2056	6.176652254478072e-05
1929	6.176652254478072e-05
2061	6.176652254478072e-05
1943	6.176652254478072e-05
1934	6.176652254478072e-05
2068	6.176652254478072e-05
2055	6.176652254478072e-05
2026	6.176652254478072e-05
2050	6.176652254478072e-05
2024	6.176652254478072e-05
2031	6.176652254478072e-05
1921	6.176652254478072e-05
2053	6.176652254478072e-05
2028	6.176652254478072e-05
1940	6.176652254478072e-05
2066	6.176652254478072e-05
1931	6.176652254478072e-05
2043	6.176652254478072e-05
2029	6.176652254478072e-05
1930	6.176652254478072e-05
1917	6.176652254478072e-05
2085	6.176652254478072e-05
2093	6.176652254478072e-05
2040	6.176652254478072e-05
2076	6.176652254478072e-05
2079	6.176652254478072e-05
2027	6.176652254478072e-05
1951	6.176652254478072e-05
2054	6.176652254478072e-05
2051	6.176652254478072e-05
2094	6.176652254478072e-05
1926	6.176652254478072e-05
1922	6.176652254478072e-05
